Etapa	Vertical	Hora	Trajeto	DMG	Profundidade	Nº de Pings	Nº de Células	Satélites	Qual. do sinal GPS	Mean Speed	Vel. Barco	Vaz. Esquerda	Vaz. Direita	Total Q	Vaz. Corrigida pelo Loop	
			m	m	m					m/s	m/s	m3/s	m3/s	m3/s	m3/s	
Margem Inicial (1)	1	11:50:42	0,10	0,10	0,81	10	19	9	1	0,125	0,101	0,00	0,00	0,000	--	
Margem Inicial (2)	2	11:50:43	0,20	0,20	0,77	11	14	9	1	0,149	0,101	0,00	0,00	0,000	--	
Margem Inicial (3)	3	11:50:44	0,31	0,29	0,76	11	15	9	1	0,021	0,108	0,00	0,00	0,000	--	
Margem Inicial (4)	4	11:50:45	0,48	0,44	0,71	11	17	9	1	0,081	0,172	0,00	0,00	0,000	--	
Margem Inicial (5)	5	11:50:46	0,67	0,62	0,85	11	16	9	1	0,045	0,190	0,00	0,00	0,000	--	
Margem Inicial (6)	6	11:50:47	0,81	0,76	0,85	11	18	9	1	0,108	0,142	0,00	0,00	0,000	--	
Margem Inicial (7)	7	11:50:48	1,07	1,00	0,86	11	21	9	1	0,395	0,258	0,00	0,00	0,000	--	
Margem Inicial (8)	8	11:50:49	1,15	1,06	0,82	11	18	8	1	0,122	0,074	0,00	0,00	0,000	--	
Margem Inicial (9)	9	11:50:50	1,23	1,06	0,80	11	17	8	1	0,085	0,087	0,00	0,00	0,000	--	
Margem Inicial (10)	10	11:50:51	1,57	1,14	0,77	11	17	8	1	0,022	0,334	0,00	0,00	0,000	--	
Margem Inicial (11)	11	11:50:52	1,93	1,15	0,75	11	18	8	1	0,202	0,367	0,00	0,00	0,000	--	
Margem Inicial (12)	12	11:50:53	2,20	1,36	0,75	11	17	8	1	0,075	0,262	0,00	0,00	0,000	--	
Margem Inicial (13)	13	11:50:54	2,57	1,63	0,76	11	18	8	1	0,091	0,369	0,00	0,00	0,000	--	
Margem Inicial (14)	14	11:50:55	2,75	1,82	0,78	11	19	8	1	0,044	0,186	0,00	0,00	0,000	--	
Margem Inicial (15)	15	11:50:56	3,01	2,05	0,76	11	18	8	1	0,045	0,254	0,00	0,00	0,000	--	
Margem Inicial (16)	16	11:50:57	3,14	2,17	0,76	11	18	8	1	0,096	0,132	0,00	0,00	0,000	--	
Margem Inicial (17)	17	11:50:58	3,40	2,42	0,76	11	17	8	1	0,159	0,260	0,00	0,00	0,000	--	
Margem Inicial (18)	18	11:50:59	3,49	2,51	0,74	11	18	8	1	0,048	0,091	0,00	0,00	0,000	--	
Margem Inicial (19)	19	11:51:00	3,55	2,54	0,77	11	16	8	1	0,093	0,058	0,00	0,00	0,000	--	
Em Trânsito	20	11:51:01	3,65	2,60	0,75	11	15	8	1	0,089	0,100	0,02	0,00	0,026	--	
Em Trânsito	21	11:51:02	3,75	2,70	0,71	11	17	8	1	0,028	0,106	0,02	0,00	0,027	--	
Em Trânsito	22	11:51:03	4,09	2,94	0,72	11	15	8	1	0,037	0,336	0,02	0,00	0,032	--	
Em Trânsito	23	11:51:04	4,20	3,02	0,77	11	16	8	1	0,230	0,112	0,01	0,00	0,037	--	
Em Trânsito	24	11:51:05	4,42	3,18	0,76	11	18	8	1	0,055	0,221	0,01	0,00	0,043	--	
Em Trânsito	25	11:51:06	4,74	3,06	0,72	11	17	8	1	0,045	0,318	0,01	0,00	0,028	--	
Em Trânsito	26	11:51:07	5,34	3,00	0,76	11	18	8	1	0,187	0,597	0,00	0,00	0,073	--	
Em Trânsito	27	11:51:08	6,19	2,90	0,78	11	20	8	1	0,223	0,849	-0,02	0,00	0,097	--	
Em Trânsito	28	11:51:09	6,97	3,04	0,88	16	4	8	1	0,227	0,787	-0,03	0,00	0,233	--	
Em Trânsito	29	11:51:10	7,90	3,51	0,97	16	4	8	1	0,174	0,923	-0,04	0,00	0,283	--	
Em Trânsito	30	11:51:11	8,98	4,22	1,12	16	5	8	1	0,282	1,079	-0,04	0,00	-0,016	--	
Em Trânsito	31	11:51:12	10,16	5,26	1,12	15	5	8	1	0,280	1,188	-0,05	0,00	-0,361	--	
Em Trânsito	32	11:51:13	11,45	6,42	1,21	8	10	8	1	0,005	1,291	-0,05	0,00	-0,356	--	
Em Trânsito	33	11:51:14	12,53	7,37	1,30	8	12	8	1	0,292	1,079	-0,05	0,00	-0,617	--	
Em Trânsito	34	11:51:15	13,97	8,78	1,49	8	13	9	1	0,110	1,442	-0,05	0,00	-0,406	--	
Em Trânsito	35	11:51:16	15,51	10,30	1,82	8	15	9	1	0,131	1,537	-0,05	0,00	-0,042	--	
Em Trânsito	36	11:51:17	17,07	11,83	2,38	8	21	9	1	0,210	1,559	-0,05	0,00	0,518	--	
Em Trânsito	37	11:51:18	18,65	13,38	2,62	26	18	9	1	0,297	1,575	-0,05	0,00	1,593	--	
Em Trânsito	38	11:51:19	20,26	14,97	2,82	28	20	9	1	0,299	1,612	-0,05	0,00	2,941	--	
Em Trânsito	39	11:51:20	22,06	16,76	3,03	28	10	9	1	0,276	1,804	-0,05	0,00	4,444	--	
Em Trânsito	40	11:51:21	23,85	18,52	3,26	27	11	9	1	0,296	1,789	-0,05	0,00	6,164	--	
Em Trânsito	41	11:51:22	25,61	20,26	3,51	27	12	9	1	0,313	1,764	-0,05	0,00	8,097	--	
Em Trânsito	42	11:51:23	27,26	21,87	3,79	27	13	9	1	0,366	1,643	-0,05	0,00	10,014	--	
Em Trânsito	43	11:51:24	29,08	23,67	4,25	28	14	9	1	0,366	1,821	-0,05	0,00	12,847	--	
Em Trânsito	44	11:51:25	30,79	25,35	4,70	26	17	9	1	0,447	1,713	-0,05	0,00	16,309	--	
Em Trânsito	45	11:51:26	32,46	27,01	5,03	27	18	9	1	0,478	1,665	-0,05	0,00	20,260	--	
Em Trânsito	46	11:51:27	34,17	28,72	5,55	27	20	9	1	0,274	1,717	-0,05	0,00	22,877	--	
Em Trânsito	47	11:51:28	35,79	30,33	6,03	26	10	9	1	0,516	1,620	-0,05	0,00	27,866	--	
Em Trânsito	48	11:51:29	37,46	32,00	6,52	27	11	9	1	0,614	1,670	-0,05	0,00	34,542	--	
Em Trânsito	49	11:51:30	39,07	33,61	7,14	11	9	9	1	0,649	1,608	-0,05	0,00	41,995	--	
Em Trânsito	50	11:51:31	40,81	35,34	7,94	11	10	9	1	0,834	1,733	-0,05	0,00	53,454	--	
Em Trânsito	51	11:51:32	42,46	37,00	8,64	10	12	9	1	0,837	1,657	-0,05	0,00	65,434	--	
Em Trânsito	52	11:51:33	43,92	38,45	9,22	11	12	9	1	0,653	1,456	-0,05	0,00	74,194	--	
Em Trânsito	53	11:51:34	45,53	40,06	9,75	11	14	9	1	0,652	1,609	-0,05	0,00	84,291	--	
Em Trânsito	54	11:51:35	47,16	41,69	10,19	10	14	9	1	0,748	1,632	-0,05	0,00	96,720	--	
Em Trânsito	55	11:51:36	48,75	43,28	10,66	11	15	9	1	0,856	1,592	-0,05	0,00	111,214	--	
Em Trânsito	56	11:51:37	50,46	44,99	11,13	11	16	9	1	0,849	1,712	-0,05	0,00	127,266	--	
Em Trânsito	57	11:51:38	52,18	46,71	11,55	9	17	9	1	0,940	1,720	-0,05	0,00	145,686	--	
Em Trânsito	58	11:51:39	53,94	48,45	11,94	11	17	9	1	0,880	1,752	-0,05	0,00	163,998	--	
Em Trânsito	59	11:51:40	55,50	50,02	12,09	7	8	9	1	0,847	1,568	-0,05	0,00	179,715	--	
Em Trânsito	60	11:51:41	57,18	51,69	12,08	7	9	9	1	0,896	1,677	-0,05	0,00	197,745	--	
Em Trânsito	61	11:51:42	58,88	53,39	12,08	7	9	9	1	0,960	1,701	-0,05	0,00	217,461	--	
Em Trânsito	62	11:51:43	60,52	55,02	11,97	7	8	9	1	0,928	1,640	-0,05	0,00	235,671	--	
Em Trânsito	63	11:51:44	62,13	56,63	11,79	7	9	9	1	1,017	1,605	-0,05	0,00	254,894	--	
Em Trânsito	64	11:51:45	63,74	58,23	11,82	7	9	9	1	0,840	1,612	-0,05	0,00	270,896	--	
Em Trânsito	65	11:51:46	65,32	59,81	11,90	7	9	9	1	1,104	1,583	-0,05	0,00	291,653	--	
Em Trânsito	66	11:51:47	66,91	61,39	11,92	7	9	9	1	1,003	1,592	-0,05	0,00	310,670	--	
Em Trânsito	67	11:51:48	68,48	62,93	11,84	7	9	9	1	1,029	1,562	-0,05	0,00	329,410	--	
Em Trânsito	68	11:51:49	69,93	64,37	11,87	7	9	9	1	1,131	1,452	-0,05	0,00	348,889	--	
Em Trânsito	69	11:51:50	71,39	65,82	11,90	7	9	9	1	1,013	1,466	-0,05	0,00	366,531	--	
Em Trânsito	70	11:51:51	72,85	67,22	11,93	7	9	9	1	1,079	1,456	-0,05	0,00	384,364	--	
Em Trânsito	71	11:51:52	74,24	68,55	12,08	7	8	9	1	0,920	1,395	-0,05	0,00	399,031	--	
Em Trânsito	72	11:51:53	75,62	69,85	12,23	7	9	9	1	1,034	1,371	-0,05	0,00	415,583	--	
Em Trânsito	73	11:51:54	76,94	71,12	12,33	7	9	9	1	1,024	1,323	-0,05	0,00	431,632	--	
Em Trânsito	74	11:51:55	78,34	72,47	12,24	7	9	9	1	0,918	1,397	-0,05	0,00	446,876	--	
Em Trânsito	75	11:51:56	79,75	73,81	12,21	7	9	9	1	1,072	1,412	-0,05	0,00	464,979	--	
Em Trânsito	76	11:51:57	81,02	75,01	12,39	7	9	9	1	1,056	1,275	-0,05	0,00	480,562	--	
Em Trânsito	77	11:51:58	82,30	76,22	12,58	7	9	9	1	0,892	1,279	-0,05	0,00	494,192	--	
Em Trânsito	78	11:51:59	83,59	77,48	12,41	7	9	9	1	1,048	1,287	-0,05	0,00	510,823	--	
Em Trânsito	79	11:52:00	84,97	78,82	12,12	7	9	9	1	0,983	1,385	-0,05	0,00	526,882	--	
Em Trânsito	80	11:52:01	86,36	80,19	11,97	7	9	9	1	1,089	1,383	-0,05	0,00	544,780	--	
Em Trânsito	81	11:52:02	87,81	81,60	12,01	7	9	9	1	0,926	1,451	-0,05	0,00	560,663	--	
Em Trânsito	82	11:52:03	89,23	83,01	11,94	7	9	9	1	0,935	1,421	-0,05	0,00	576,458	--	
Em Trânsito	83	11:52:04	90,79	84,58	11,82	7	9	9	1	0,856	1,567	-0,05	0,00	592,305	--	
Em Trânsito	84	11:52:05	92,34	86,13	11,83	7	8	9	1	1,217	1,551	-0,05	0,00	614,568	--	
Em Trânsito	85	11:52:06	93,96	87,74	11,83	7	9	9	1	0,918	1,613	-0,05	0,00	632,007	--	
Em Trânsito	86	11:52:07	95,59	89,37	12,03	7	8	9	1	0,896	1,632	-0,05	0,00	649,519	--	
Em Trânsito	87	11:52:08	97,19	90,96	11,98	7	8	9	1	0,945	1,599	-0,05	0,00	667,323	--	
Em Trânsito	88	11:52:09	98,83	92,57	11,99	7	9	9	1	0,964	1,639	-0,05	0,00	685,695	--	
Em Trânsito	89	11:52:10	100,66	94,36	12,04	7	9	9	1	0,877	1,828	-0,05	0,00	704,510	--	
Em Trânsito	90	11:52:11	102,47	96,09	11,96	7	8	9	1	1,071	1,814	-0,05	0,00	726,491	--	
Em Trânsito	91	11:52:12	104,26	97,87	11,96	7	9	9	1	0,731	1,795	-0,05	0,00	741,377	--	
Em Trânsito	92	11:52:13	106,06	99,62	11,91	7	8	9	1	0,976	1,793	-0,05	0,00	761,794	--	
Em Trânsito	93	11:52:14	107,87	101,40	11,86	7	8	9	1	1,009	1,810	-0,05	0,00	782,433	--	
Em Trânsito	94	11:52:15	109,60	103,09	11,83	7	8	9	1	1,023	1,727	-0,05	0,00	802,335	--	
Em Trânsito	95	11:52:16	111,37	104,83	11,88	7	8	9	1	0,894	1,773	-0,05	0,00	820,659	--	
Em Trânsito	96	11:52:17	113,10	106,55	11,82	7	8	9	1	1,040	1,736	-0,05	0,00	841,514	--	
Em Trânsito	97	11:52:18	114,80	108,19	11,80	7	8	9	1	0,955	1,693	-0,05	0,00	859,679	--	
Em Trânsito	98	11:52:19	116,61	109,99	11,75	7	8	9	1	0,892	1,812	-0,05	0,00	878,584	--	
Em Trânsito	99	11:52:20	118,38	111,73	11,74	7	8	9	1	1,071	1,769	-0,05	0,00	900,228	--	
Em Trânsito	100	11:52:21	120,15	113,49	11,76	7	9	9	1	0,911	1,770	-0,05	0,00	919,017	--	
Em Trânsito	101	11:52:22	121,94	115,28	11,78	7	8	9	1	1,003	1,791	-0,05	0,00	940,176	--	
Em Trânsito	102	11:52:23	123,65	116,99	11,75	7	8	9	1	0,863	1,710	-0,05	0,00	957,496	--	
Em Trânsito	103	11:52:24	125,15	118,44	11,77	7	8	9	1	0,803	1,504	-0,05	0,00	971,041	--	
Em Trânsito	104	11:52:25	126,63	119,90	11,74	7	8	9	1	0,771	1,476	-0,05	0,00	984,393	--	
Em Trânsito	105	11:52:26	128,21	121,44	11,70	7	8	9	1	0,688	1,581	-0,05	0,00	996,807	--	
Em Trânsito	106	11:52:27	129,95	123,18	11,60	7	8	9	1	0,815	1,741	-0,05	0,00	1.013,001	--	
Em Trânsito	107	11:52:28	131,76	124,98	11,69	7	8	9	1	0,884	1,810	-0,05	0,00	1.031,609	--	
Em Trânsito	108	11:52:29	133,56	126,78	11,58	7	8	9	1	0,899	1,803	-0,05	0,00	1.050,358	--	
Em Trânsito	109	11:52:30	135,46	128,67	11,51	7	8	9	1	0,944	1,898	-0,05	0,00	1.070,867	--	
Em Trânsito	110	11:52:31	137,28	130,49	11,25	7	8	9	1	0,823	1,821	-0,05	0,00	1.087,733	--	
Em Trânsito	111	11:52:32	139,28	132,49	11,25	7	8	9	1	1,008	1,996	-0,05	0,00	1.110,337	--	
Em Trânsito	112	11:52:33	141,08	134,29	11,21	7	8	9	1	0,858	1,804	-0,05	0,00	1.127,567	--	
Em Trânsito	113	11:52:34	142,97	136,17	11,17	7	8	9	1	0,937	1,884	-0,05	0,00	1.146,625	--	
Em Trânsito	114	11:52:35	144,91	138,11	11,02	7	8	9	1	0,791	1,941	-0,05	0,00	1.163,112	--	
Em Trânsito	115	11:52:36	146,93	140,12	10,82	7	7	9	1	0,832	2,018	-0,05	0,00	1.180,667	--	
Em Trânsito	116	11:52:37	148,82	142,01	10,70	7	7	9	1	0,903	1,892	-0,05	0,00	1.198,932	--	
Em Trânsito	117	11:52:38	150,63	143,81	10,57	7	7	9	1	0,699	1,812	-0,05	0,00	1.212,192	--	
Em Trânsito	118	11:52:39	152,51	145,65	10,46	9	16	9	1	0,895	1,879	-0,05	0,00	1.228,428	--	
Em Trânsito	119	11:52:40	154,40	147,51	10,29	11	15	9	1	0,758	1,893	-0,05	0,00	1.242,204	--	
Em Trânsito	120	11:52:41	156,35	149,39	10,02	11	15	9	1	0,840	1,945	-0,05	0,00	1.257,747	--	
Em Trânsito	121	11:52:42	158,44	151,47	9,53	11	14	9	1	0,678	2,091	-0,05	0,00	1.270,203	--	
Em Trânsito	122	11:52:43	160,49	153,50	9,04	11	13	9	1	0,549	2,050	-0,05	0,00	1.280,146	--	
Em Trânsito	123	11:52:44	162,52	155,52	8,64	11	12	9	1	0,802	2,032	-0,05	0,00	1.293,954	--	
Em Trânsito	124	11:52:45	164,30	157,30	8,02	11	11	9	1	0,721	1,782	-0,05	0,00	1.304,225	--	
Em Trânsito	125	11:52:46	166,04	159,04	7,39	11	10	9	1	0,712	1,738	-0,05	0,00	1.313,329	--	
Em Trânsito	126	11:52:47	167,91	160,91	6,86	10	9	9	1	0,570	1,875	-0,05	0,00	1.320,577	--	
Em Trânsito	127	11:52:48	169,71	162,70	6,12	11	8	9	1	0,658	1,796	-0,05	0,00	1.327,800	--	
Em Trânsito	128	11:52:49	171,42	164,41	5,51	11	7	9	1	0,741	1,706	-0,05	0,00	1.334,769	--	
Em Trânsito	129	11:52:50	173,06	166,05	4,85	11	5	9	1	0,615	1,648	-0,05	0,00	1.339,576	--	
Em Trânsito	130	11:52:51	174,81	167,80	4,31	10	5	9	1	0,542	1,747	-0,05	0,00	1.343,645	--	
Em Trânsito	131	11:52:52	176,66	169,65	3,93	28	13	9	1	0,530	1,851	-0,05	0,00	1.347,407	--	
Em Trânsito	132	11:52:53	178,41	171,39	3,55	27	12	9	1	0,437	1,745	-0,05	0,00	1.350,084	--	
Em Trânsito	133	11:52:54	180,13	173,12	3,34	27	11	9	1	0,375	1,727	-0,05	0,00	1.352,244	--	
Em Trânsito	134	11:52:55	181,90	174,87	3,22	27	11	9	1	0,389	1,763	-0,05	0,00	1.354,445	--	
Em Trânsito	135	11:52:56	183,69	176,67	3,14	28	11	9	1	0,229	1,798	-0,05	0,00	1.355,738	--	
Em Trânsito	136	11:52:57	185,32	178,28	3,02	27	10	9	1	0,273	1,621	-0,05	0,00	1.357,062	--	
Em Trânsito	137	11:52:58	186,79	179,75	2,94	28	10	9	1	0,229	1,479	-0,05	0,00	1.357,999	--	
Em Trânsito	138	11:52:59	188,15	181,09	2,88	27	9	9	1	0,237	1,360	-0,05	0,00	1.358,836	--	
Em Trânsito	139	11:53:00	189,25	182,17	2,69	28	8	9	1	0,210	1,092	-0,05	0,00	1.359,452	--	
Em Trânsito	140	11:53:01	190,16	183,07	2,53	27	6	9	1	0,130	0,911	-0,05	0,00	1.359,729	--	
Em Trânsito	141	11:53:02	191,21	184,07	1,55	28	4	9	1	0,342	1,051	-0,05	0,00	1.360,153	--	
Em Trânsito	142	11:53:03	191,82	184,68	1,60	29	9	9	1	0,171	0,606	-0,05	0,00	1.360,311	--	
Em Trânsito	143	11:53:04	192,02	184,86	1,61	33	9	9	1	0,236	0,206	-0,05	0,00	1.360,382	--	
Em Trânsito	144	11:53:05	192,26	184,63	1,56	9	15	9	1	0,108	0,243	-0,05	0,00	1.360,342	--	
Em Trânsito	145	11:53:06	192,41	184,49	1,53	9	15	9	1	0,169	0,143	-0,05	0,00	1.360,314	--	
Em Trânsito	146	11:53:07	192,69	184,31	1,49	9	15	9	1	0,039	0,280	-0,05	0,00	1.360,306	--	
Margem Final (1)	147	11:53:08	192,71	184,31	1,39	10	16	9	1	0,183	0,024	-0,05	0,43	1.360,740	--	
Margem Final (2)	148	11:53:09	192,77	184,33	1,38	10	15	9	1	0,195	0,055	-0,05	0,45	1.360,757	--	
Margem Final (3)	149	11:53:10	192,79	184,36	1,52	10	16	9	1	0,207	0,025	-0,05	0,48	1.360,786	--	
Margem Final (4)	150	11:53:11	192,90	184,39	1,48	9	17	9	1	0,160	0,111	-0,05	0,45	1.360,759	--	
Margem Final (5)	151	11:53:12	193,02	184,51	1,44	10	16	9	1	0,229	0,116	-0,05	0,44	1.360,748	--	
Margem Final (6)	152	11:53:13	193,14	184,62	1,47	9	16	9	1	0,183	0,124	-0,05	0,45	1.360,752	--	
Margem Final (7)	153	11:53:14	193,19	184,66	1,51	10	17	9	1	0,135	0,044	-0,05	0,43	1.360,740	--	
Margem Final (8)	154	11:53:15	193,26	184,61	1,46	10	16	9	1	0,180	0,069	-0,05	0,44	1.360,744	--	
Margem Final (9)	155	11:53:16	193,31	184,57	1,57	10	15	9	1	0,175	0,054	-0,05	0,44	1.360,747	--	
Margem Final (10)	156	11:53:17	193,35	184,60	1,56	10	17	9	1	0,120	0,039	-0,05	0,43	1.360,737	--	
Margem Final (11)	157	11:53:18	193,39	184,64	1,48	10	16	9	1	0,158	0,039	-0,05	0,43	1.360,734	--	
Margem Final (12)	158	11:53:19	193,50	184,69	1,49	9	8	9	1	0,128	0,112	-0,05	0,43	1.360,737	--	
Margem Final (13)	159	11:53:20	193,59	184,67	1,58	9	17	9	1	0,066	0,095	-0,05	0,40	1.360,706	--	
Margem Final (14)	160	11:53:21	193,60	184,67	1,43	9	16	9	1	0,185	0,008	-0,05	0,40	1.360,710	--	
Margem Final (15)	161	11:53:22	193,70	184,58	1,57	9	17	9	1	0,218	0,098	-0,05	0,42	1.360,724	--	
Margem Final (16)	162	11:53:23	193,74	184,62	1,57	10	17	9	1	0,189	0,037	-0,05	0,42	1.360,730	--	
Margem Final (17)	163	11:53:24	193,79	184,58	1,39	10	16	9	1	0,166	0,055	-0,05	0,42	1.360,729	--	
Margem Final (18)	164	11:53:25	193,83	184,56	1,38	9	15	9	1	0,209	0,036	-0,05	0,43	1.360,732	--	
Margem Final (19)	165	11:53:26	193,85	184,58	1,52	10	17	9	1	0,177	0,021	-0,05	0,43	1.360,732	--	
Margem Final (20)	166	11:53:27	193,87	184,60	1,50	9	17	9	1	0,123	0,021	-0,05	0,42	1.360,726	--	
Margem Final (21)	167	11:53:28	193,88	184,61	1,56	10	8	9	1	0,215	0,011	-0,05	0,42	1.360,728	--	
Margem Final (22)	168	11:53:29	193,90	184,60	1,49	10	16	9	1	0,141	0,019	-0,05	0,42	1.360,725	--	
Margem Final (23)	169	11:53:30	194,01	184,62	1,49	8	16	9	1	0,068	0,107	-0,05	0,41	1.360,713	--	
Margem Final (24)	170	11:53:31	194,04	184,64	1,44	10	16	9	1	0,161	0,033	-0,05	0,41	1.360,713	--	
