Etapa	Vertical	Hora	Trajeto	DMG	Profundidade	Nº de Pings	Nº de Células	Satélites	Qual do sinal GPS	Mean Speed	Vel Barco	Vaz Esquerda	Vaz Direita	Total Q	Vaz Corrigida pelo Loop	
			m	m	m					m/s	m/s	m3/s	m3/s	m3/s	m3/s	
Margem Inicial (1)	1	10:58:39	0,11	0,11	1,96	10	54	10	1	0,178	0,110	0,00	0,00	0,000	--	
Margem Inicial (2)	2	10:58:40	0,15	0,07	1,96	10	40	10	1	0,188	0,036	0,00	0,00	0,000	--	
Margem Inicial (3)	3	10:58:41	0,18	0,04	1,96	10	62	10	1	0,223	0,031	0,00	0,00	0,000	--	
Margem Inicial (4)	4	10:58:42	0,19	0,05	1,95	10	41	10	1	0,254	0,018	0,00	0,00	0,000	--	
Margem Inicial (5)	5	10:58:43	0,23	0,08	1,96	10	25	10	1	0,267	0,034	0,00	0,00	0,000	--	
Margem Inicial (6)	6	10:58:44	0,31	0,16	1,95	10	34	10	1	0,251	0,084	0,00	0,00	0,000	--	
Margem Inicial (7)	7	10:58:45	0,34	0,14	1,96	10	62	10	1	0,226	0,024	0,00	0,00	0,000	--	
Margem Inicial (8)	8	10:58:46	0,35	0,13	1,95	10	63	10	1	0,238	0,009	0,00	0,00	0,000	--	
Margem Inicial (9)	9	10:58:47	0,37	0,15	1,96	10	64	10	1	0,215	0,019	0,00	0,00	0,000	--	
Margem Inicial (10)	10	10:58:48	0,38	0,13	1,96	10	65	10	1	0,141	0,016	0,00	0,00	0,000	--	
Margem Inicial (11)	11	10:58:49	0,42	0,10	1,95	10	35	10	1	0,091	0,035	0,00	0,00	0,000	--	
Margem Inicial (12)	12	10:58:50	0,44	0,08	1,95	10	64	10	1	0,107	0,020	0,00	0,00	0,000	--	
Margem Inicial (13)	13	10:58:51	0,44	0,08	1,95	10	49	10	1	0,203	0,008	0,00	0,00	0,000	--	
Margem Inicial (14)	14	10:58:52	0,50	0,03	1,95	10	49	10	1	0,216	0,052	0,00	0,00	0,000	--	
Margem Inicial (15)	15	10:58:53	0,52	0,05	1,95	10	50	10	1	0,137	0,025	0,00	0,00	0,000	--	
Margem Inicial (16)	16	10:58:54	0,55	0,03	1,94	10	64	10	1	0,170	0,027	0,00	0,00	0,000	--	
Margem Inicial (17)	17	10:58:55	0,58	0,05	1,95	10	58	10	1	0,185	0,027	0,00	0,00	0,000	--	
Margem Inicial (18)	18	10:58:56	0,59	0,07	1,94	10	65	10	1	0,148	0,017	0,00	0,00	0,000	--	
Margem Inicial (19)	19	10:58:57	0,63	0,09	1,95	10	44	10	1	0,187	0,038	0,00	0,00	0,000	--	
Em Trânsito	20	10:58:58	0,67	0,09	1,95	10	44	10	1	0,211	0,041	-0,94	0,00	-0,956	--	
Em Trânsito	21	10:58:59	0,70	0,12	1,95	10	45	10	1	0,145	0,031	-1,10	0,00	-1,119	--	
Em Trânsito	22	10:59:00	0,72	0,13	1,94	9	54	10	1	0,136	0,019	-1,03	0,00	-1,056	--	
Em Trânsito	23	10:59:01	0,96	0,22	1,95	12	10	10	1	0,477	0,232	-1,31	0,00	-1,385	--	
Em Trânsito	24	10:59:02	1,19	0,44	1,95	14	10	10	1	0,521	0,232	-1,03	0,00	-1,137	--	
Em Trânsito	25	10:59:03	1,69	0,93	1,94	9	54	10	1	0,660	0,499	-0,87	0,00	-1,019	--	
Em Trânsito	26	10:59:04	1,72	0,96	1,93	10	27	10	1	0,250	0,037	-0,84	0,00	-0,999	--	
Em Trânsito	27	10:59:05	1,86	1,00	1,95	10	25	10	1	0,255	0,135	-0,67	0,00	-0,805	--	
Em Trânsito	28	10:59:06	1,98	1,08	1,95	10	29	10	1	0,262	0,127	-0,54	0,00	-0,648	--	
Em Trânsito	29	10:59:07	2,09	1,17	1,95	10	39	10	1	0,189	0,102	-0,47	0,00	-0,574	--	
Em Trânsito	30	10:59:08	2,22	1,24	1,95	10	50	10	1	0,152	0,134	-0,33	0,00	-0,424	--	
Em Trânsito	31	10:59:09	2,38	1,36	1,96	7	40	10	1	0,260	0,156	-0,23	0,00	-0,298	--	
Em Trânsito	32	10:59:10	2,92	1,12	1,94	8	26	10	1	0,326	0,543	0,37	0,00	0,348	--	
Em Trânsito	33	10:59:11	3,35	1,32	1,94	11	4	10	1	0,102	0,432	0,80	0,00	0,858	--	
Em Trânsito	34	10:59:12	3,78	1,64	1,53	14	4	10	1	0,241	0,423	1,02	0,00	1,211	--	
Em Trânsito	35	10:59:13	4,21	2,05	2,03	10	56	10	1	0,259	0,433	1,10	0,00	1,466	--	
Em Trânsito	36	10:59:14	4,78	2,62	2,07	10	70	10	1	0,305	0,574	1,13	0,00	1,693	--	
Em Trânsito	37	10:59:15	5,42	3,26	2,12	7	75	10	1	0,357	0,638	1,11	0,00	1,927	--	
Em Trânsito	38	10:59:16	6,26	4,09	2,19	7	24	10	1	0,296	0,836	1,09	0,00	2,114	--	
Em Trânsito	39	10:59:17	7,03	4,85	2,23	7	25	10	1	0,296	0,776	1,06	0,00	2,256	--	
Em Trânsito	41	10:59:19	8,02	5,81	2,25	7	25	10	1	0,301	0,398	1,02	0,00	2,364	--	
Em Trânsito	42	10:59:20	8,33	6,12	2,25	7	25	10	1	0,305	0,315	1,03	0,00	2,508	--	
Em Trânsito	43	10:59:21	8,59	6,09	2,36	7	26	10	1	0,274	0,261	1,08	0,00	2,721	--	
Em Trânsito	44	10:59:22	9,03	5,96	2,35	7	26	10	1	0,214	0,438	1,15	0,00	2,915	--	
Em Trânsito	45	10:59:23	9,53	5,98	2,36	7	26	10	1	0,390	0,503	1,23	0,00	3,370	--	
Em Trânsito	46	10:59:24	10,19	6,17	2,50	7	28	10	1	0,385	0,659	1,31	0,00	4,029	--	
Em Trânsito	47	10:59:25	11,04	6,60	2,54	7	29	10	1	0,456	0,848	1,38	0,00	5,087	--	
Em Trânsito	48	10:59:26	11,98	7,23	2,72	7	31	10	1	0,422	0,937	1,44	0,00	6,173	--	
Em Trânsito	49	10:59:27	12,89	7,85	2,87	11	19	10	1	0,298	0,913	1,47	0,00	6,870	--	
Em Trânsito	50	10:59:28	13,94	8,76	2,99	25	10	10	1	0,378	1,054	1,49	0,00	8,052	--	
Em Trânsito	51	10:59:29	14,81	9,41	3,25	26	10	10	1	0,436	0,870	1,50	0,00	9,119	--	
Em Trânsito	52	10:59:30	15,88	10,37	3,73	27	12	10	1	0,544	1,067	1,50	0,00	11,257	--	
Em Trânsito	53	10:59:31	16,86	11,26	3,95	26	14	10	1	0,568	0,980	1,50	0,00	13,364	--	
Em Trânsito	54	10:59:32	18,06	12,37	4,09	26	14	10	1	0,395	1,196	1,50	0,00	15,292	--	
Em Trânsito	55	10:59:33	19,14	13,41	4,34	27	15	10	1	0,601	1,087	1,50	0,00	18,107	--	
Em Trânsito	56	10:59:34	20,34	14,58	4,68	26	16	10	1	0,654	1,196	1,49	0,00	21,716	--	
Em Trânsito	57	10:59:35	21,40	15,61	5,03	26	18	10	1	0,770	1,058	1,49	0,00	25,801	--	
Em Trânsito	58	10:59:36	22,54	16,73	5,39	26	19	10	1	0,529	1,145	1,49	0,00	29,061	--	
Em Trânsito	59	10:59:37	23,76	17,90	5,78	26	21	10	1	0,631	1,216	1,49	0,00	33,489	--	
Em Trânsito	60	10:59:38	25,04	19,15	6,18	25	10	10	1	0,600	1,279	1,48	0,00	38,226	--	
Em Trânsito	61	10:59:39	26,31	20,41	6,66	11	8	10	1	0,674	1,276	1,48	0,00	43,941	--	
Em Trânsito	62	10:59:40	27,47	21,55	7,53	11	9	10	1	0,939	1,156	1,48	0,00	51,913	--	
Em Trânsito	63	10:59:41	28,80	22,84	7,86	10	10	10	1	0,596	1,327	1,47	0,00	58,082	--	
Em Trânsito	64	10:59:42	30,19	24,14	8,28	11	11	10	1	0,459	1,392	1,47	0,00	62,956	--	
Em Trânsito	65	10:59:43	31,44	25,38	8,76	11	12	10	1	0,642	1,254	1,47	0,00	70,009	--	
Em Trânsito	66	10:59:44	32,95	26,88	9,26	9	13	10	1	0,994	1,503	1,46	0,00	81,627	--	
Em Trânsito	67	10:59:45	34,23	28,10	9,41	11	13	10	1	1,055	1,282	1,47	0,00	92,101	--	
Em Trânsito	68	10:59:46	35,27	29,05	9,83	11	14	10	1	0,736	1,039	1,46	0,00	99,298	--	
Em Trânsito	69	10:59:47	36,11	29,83	9,92	9	14	10	1	0,844	0,846	1,47	0,00	105,714	--	
Em Trânsito	70	10:59:48	37,12	30,83	10,20	11	14	10	1	0,716	1,009	1,47	0,00	112,937	--	
Em Trânsito	71	10:59:49	38,15	31,84	10,73	11	15	10	1	0,632	1,022	1,47	0,00	119,837	--	
Em Trânsito	72	10:59:50	39,42	32,98	10,82	11	15	10	1	1,002	1,277	1,47	0,00	129,813	--	
Em Trânsito	73	10:59:51	40,71	34,16	11,38	11	16	10	1	0,632	1,292	1,47	0,00	138,749	--	
Em Trânsito	74	10:59:52	41,84	35,28	11,50	11	16	10	1	0,893	1,122	1,47	0,00	150,044	--	
Em Trânsito	75	10:59:53	42,88	36,32	11,51	11	17	10	1	0,821	1,044	1,47	0,00	159,724	--	
Em Trânsito	76	10:59:54	44,00	37,43	11,58	11	18	10	1	0,752	1,121	1,47	0,00	169,478	--	
Em Trânsito	77	10:59:55	45,09	38,51	11,16	7	8	10	1	0,878	1,084	1,47	0,00	180,057	--	
Em Trânsito	78	10:59:56	46,18	39,60	11,26	7	8	10	1	0,907	1,093	1,47	0,00	191,011	--	
Em Trânsito	79	10:59:57	47,37	40,79	11,15	7	8	10	1	0,761	1,196	1,46	0,00	201,124	--	
Em Trânsito	80	10:59:58	48,53	41,94	11,19	7	8	10	1	0,798	1,157	1,46	0,00	211,273	--	
Em Trânsito	81	10:59:59	49,72	43,12	11,08	7	8	10	1	0,874	1,189	1,46	0,00	222,556	--	
Em Trânsito	82	11:00:00	50,88	44,26	11,16	7	8	10	1	0,812	1,158	1,46	0,00	233,040	--	
Em Trânsito	83	11:00:01	52,07	45,43	11,14	7	8	10	1	0,966	1,188	1,46	0,00	245,027	--	
Em Trânsito	84	11:00:02	53,10	46,46	11,12	7	8	10	1	0,893	1,035	1,46	0,00	255,244	--	
Em Trânsito	85	11:00:03	54,21	47,57	11,05	7	8	10	1	0,875	1,113	1,46	0,00	265,362	--	
Em Trânsito	86	11:00:04	55,31	48,66	11,16	7	8	10	1	0,913	1,095	1,46	0,00	276,433	--	
Em Trânsito	87	11:00:05	56,54	49,89	11,11	7	8	10	1	0,844	1,226	1,46	0,00	287,848	--	
Em Trânsito	88	11:00:06	57,56	50,91	11,13	7	8	10	1	0,961	1,026	1,46	0,00	298,641	--	
Em Trânsito	89	11:00:07	58,86	52,20	11,13	7	8	10	1	0,810	1,295	1,46	0,00	310,120	--	
Em Trânsito	90	11:00:08	59,95	53,30	11,23	7	8	10	1	1,050	1,098	1,46	0,00	323,017	--	
Em Trânsito	91	11:00:09	61,10	54,43	11,18	7	8	10	1	0,789	1,146	1,46	0,00	332,812	--	
Em Trânsito	92	11:00:10	62,35	55,68	11,35	7	8	10	1	0,584	1,252	1,46	0,00	341,102	--	
Em Trânsito	93	11:00:11	63,71	57,04	11,45	7	8	10	1	0,920	1,360	1,46	0,00	355,058	--	
Em Trânsito	94	11:00:12	64,83	58,15	11,45	7	8	10	1	0,815	1,114	1,46	0,00	365,395	--	
Em Trânsito	95	11:00:13	66,36	59,68	11,50	7	8	10	1	0,849	1,530	1,46	0,00	379,710	--	
Em Trânsito	96	11:00:14	67,58	60,90	11,54	7	8	10	1	1,214	1,227	1,46	0,00	396,751	--	
Em Trânsito	97	11:00:15	68,86	62,17	11,36	7	8	10	1	0,731	1,280	1,46	0,00	407,264	--	
Em Trânsito	98	11:00:16	70,21	63,49	11,35	7	8	10	1	0,953	1,350	1,46	0,00	421,808	--	
Em Trânsito	99	11:00:17	71,50	64,78	11,34	7	8	10	1	0,892	1,289	1,46	0,00	434,709	--	
Em Trânsito	100	11:00:18	72,74	66,01	11,57	7	8	10	1	0,899	1,238	1,46	0,00	447,587	--	
Em Trânsito	101	11:00:19	74,03	67,28	11,48	7	8	10	1	0,861	1,293	1,46	0,00	460,376	--	
Em Trânsito	102	11:00:20	75,30	68,55	11,37	7	8	10	1	0,992	1,263	1,46	0,00	474,518	--	
Em Trânsito	103	11:00:21	76,60	69,82	11,31	7	8	10	1	0,736	1,302	1,46	0,00	485,255	--	
Em Trânsito	104	11:00:22	77,80	71,01	11,17	7	8	10	1	0,982	1,196	1,46	0,00	497,796	--	
Em Trânsito	105	11:00:23	79,19	72,41	11,29	7	8	10	1	0,662	1,399	1,46	0,00	507,822	--	
Em Trânsito	106	11:00:24	80,32	73,53	11,29	7	8	10	1	1,134	1,129	1,46	0,00	522,272	--	
Em Trânsito	107	11:00:25	81,46	74,64	11,19	7	8	10	1	0,658	1,132	1,46	0,00	530,407	--	
Em Trânsito	108	11:00:26	82,87	76,04	11,29	7	8	10	1	0,945	1,409	1,46	0,00	545,421	--	
Em Trânsito	109	11:00:27	84,24	77,41	11,30	7	8	10	1	0,963	1,373	1,46	0,00	559,650	--	
Em Trânsito	110	11:00:28	85,69	78,86	11,32	7	8	10	1	0,734	1,452	1,46	0,00	571,210	--	
Em Trânsito	111	11:00:29	87,45	80,61	11,31	7	8	10	1	0,855	1,759	1,46	0,00	587,493	--	
Em Trânsito	112	11:00:30	89,00	82,16	11,25	7	8	10	1	0,949	1,554	1,46	0,00	604,081	--	
Em Trânsito	113	11:00:31	90,15	83,29	11,17	7	8	10	1	0,965	1,147	1,46	0,00	616,308	--	
Em Trânsito	114	11:00:32	91,66	84,78	11,23	7	8	10	1	0,986	1,509	1,46	0,00	631,792	--	
Em Trânsito	115	11:00:33	93,16	86,27	11,28	7	8	10	1	0,814	1,496	1,46	0,00	645,500	--	
Em Trânsito	116	11:00:34	94,44	87,56	11,22	7	8	10	1	0,759	1,288	1,46	0,00	656,427	--	
Em Trânsito	117	11:00:35	95,86	88,98	11,06	7	8	10	1	0,784	1,413	1,46	0,00	667,599	--	
Em Trânsito	118	11:00:36	97,23	90,34	11,11	7	8	10	1	0,733	1,374	1,46	0,00	678,747	--	
Em Trânsito	119	11:00:37	98,42	91,53	11,02	7	8	10	1	1,028	1,193	1,46	0,00	691,745	--	
Em Trânsito	120	11:00:38	99,96	93,07	11,11	7	8	10	1	0,735	1,536	1,46	0,00	701,951	--	
Em Trânsito	121	11:00:39	101,32	94,43	11,15	7	8	10	1	1,090	1,359	1,46	0,00	718,155	--	
Em Trânsito	122	11:00:40	102,78	95,88	11,20	7	8	10	1	0,672	1,457	1,46	0,00	728,530	--	
Em Trânsito	123	11:00:41	104,30	97,39	11,22	7	8	10	1	0,913	1,520	1,46	0,00	744,102	--	
Em Trânsito	124	11:00:42	105,65	98,74	11,14	7	8	10	1	0,898	1,350	1,46	0,00	757,246	--	
Em Trânsito	125	11:00:43	107,02	100,08	11,20	7	8	10	1	0,790	1,377	1,46	0,00	769,418	--	
Em Trânsito	126	11:00:44	108,35	101,37	11,14	7	8	10	1	0,939	1,332	1,46	0,00	783,166	--	
Em Trânsito	127	11:00:45	109,62	102,63	11,03	7	8	10	1	0,832	1,269	1,46	0,00	794,808	--	
Em Trânsito	128	11:00:46	110,69	103,70	11,08	7	8	10	1	1,155	1,066	1,46	0,00	808,412	--	
Em Trânsito	129	11:00:47	111,87	104,87	11,02	7	8	10	1	0,677	1,176	1,46	0,00	817,086	--	
Em Trânsito	130	11:00:48	113,11	105,99	11,09	7	8	10	1	0,775	1,243	1,45	0,00	827,573	--	
Em Trânsito	131	11:00:49	113,98	106,86	10,98	7	8	10	1	0,905	0,872	1,45	0,00	836,060	--	
Em Trânsito	132	11:00:50	114,93	107,81	10,93	7	8	10	1	0,592	0,953	1,45	0,00	842,130	--	
Em Trânsito	133	11:00:51	115,78	108,62	10,98	7	8	10	1	0,859	0,842	1,45	0,00	849,924	--	
Em Trânsito	134	11:00:52	116,62	109,44	10,81	7	8	10	1	0,833	0,843	1,45	0,00	856,824	--	
Em Trânsito	135	11:00:53	117,48	110,29	10,87	7	8	10	1	0,781	0,862	1,45	0,00	864,130	--	
Em Trânsito	136	11:00:54	118,23	111,04	10,86	7	7	10	1	0,885	0,754	1,45	0,00	871,370	--	
Em Trânsito	137	11:00:55	119,00	111,78	10,81	7	8	10	1	0,685	0,766	1,45	0,00	876,750	--	
Em Trânsito	138	11:00:56	119,92	112,67	10,79	7	7	10	1	0,916	0,919	1,45	0,00	885,782	--	
Em Trânsito	139	11:00:57	120,78	113,54	10,78	7	8	10	1	0,742	0,867	1,45	0,00	892,692	--	
Em Trânsito	140	11:00:58	121,62	114,35	10,74	7	7	10	1	0,860	0,835	1,45	0,00	900,402	--	
Em Trânsito	141	11:00:59	122,61	115,33	10,64	7	7	10	1	0,695	0,993	1,45	0,00	907,730	--	
Em Trânsito	142	11:01:00	123,62	116,17	10,58	10	17	10	1	0,820	1,010	1,45	0,00	916,416	--	
Em Trânsito	143	11:01:01	124,40	116,95	10,41	11	16	10	1	0,838	0,780	1,45	0,00	923,122	--	
Em Trânsito	144	11:01:02	125,31	117,79	10,42	7	8	10	1	0,632	0,904	1,45	0,00	928,993	--	
Em Trânsito	145	11:01:03	126,15	118,59	10,49	10	16	10	1	0,904	0,842	1,45	0,00	936,929	--	
Em Trânsito	146	11:01:04	127,05	119,46	10,43	7	7	10	1	0,801	0,900	1,45	0,00	944,438	--	
Em Trânsito	147	11:01:05	128,10	120,34	10,51	11	16	10	1	0,685	1,050	1,45	0,00	951,220	--	
Em Trânsito	148	11:01:06	129,11	121,29	10,43	11	16	10	1	0,883	1,007	1,44	0,00	960,459	--	
Em Trânsito	149	11:01:07	130,09	122,05	10,41	11	16	10	1	0,728	0,989	1,44	0,00	967,073	--	
Em Trânsito	150	11:01:08	131,12	123,05	10,31	11	15	10	1	0,824	1,029	1,44	0,00	975,772	--	
Em Trânsito	151	11:01:09	131,97	123,78	10,30	11	16	10	1	0,719	0,851	1,44	0,00	981,459	--	
Em Trânsito	152	11:01:10	133,05	124,85	10,17	11	15	10	1	0,778	1,075	1,44	0,00	989,912	--	
Em Trânsito	153	11:01:11	134,07	125,86	10,19	11	16	10	1	0,747	1,021	1,44	0,00	997,679	--	
Em Trânsito	154	11:01:12	135,23	126,97	9,98	11	15	10	1	0,939	1,159	1,44	0,00	1006,872	--	
Em Trânsito	155	11:01:13	136,50	128,24	10,06	11	15	10	1	0,530	1,274	1,44	0,00	1013,067	--	
Em Trânsito	156	11:01:14	137,79	129,52	9,91	11	15	10	1	0,653	1,291	1,44	0,00	1021,037	--	
Em Trânsito	157	11:01:15	139,21	130,85	9,82	11	15	10	1	0,752	1,420	1,44	0,00	1029,974	--	
Em Trânsito	158	11:01:16	140,64	132,27	9,76	11	15	10	1	0,369	1,423	1,44	0,00	1035,099	--	
Em Trânsito	159	11:01:17	142,12	133,72	9,61	11	14	10	1	0,593	1,488	1,44	0,00	1043,332	--	
Em Trânsito	160	11:01:18	143,53	135,12	9,38	11	13	10	1	0,530	1,403	1,44	0,00	1050,305	--	
Em Trânsito	161	11:01:19	144,95	136,54	9,10	10	13	10	1	0,481	1,425	1,44	0,00	1055,769	--	
Em Trânsito	162	11:01:20	146,22	137,80	8,83	11	12	10	1	0,480	1,267	1,44	0,00	1060,866	--	
Em Trânsito	163	11:01:21	147,60	139,18	8,53	11	12	10	1	0,547	1,382	1,44	0,00	1066,554	--	
Em Trânsito	164	11:01:22	149,02	140,59	8,17	11	12	10	1	0,640	1,415	1,44	0,00	1073,223	--	
Em Trânsito	165	11:01:23	150,56	142,13	7,94	11	11	10	1	0,524	1,546	1,44	0,00	1079,240	--	
Em Trânsito	166	11:01:24	152,30	143,85	7,38	11	10	10	1	0,639	1,736	1,44	0,00	1086,635	--	
Em Trânsito	167	11:01:25	154,03	145,57	6,83	11	9	10	1	0,461	1,727	1,44	0,00	1091,826	--	
Em Trânsito	168	11:01:26	155,63	147,17	6,40	10	8	10	1	0,575	1,604	1,44	0,00	1097,195	--	
Em Trânsito	169	11:01:27	157,06	148,60	5,69	11	7	10	1	0,552	1,429	1,45	0,00	1101,646	--	
Em Trânsito	170	11:01:28	158,44	149,97	5,26	11	7	10	1	0,500	1,379	1,45	0,00	1104,602	--	
Em Trânsito	171	11:01:29	159,84	151,36	4,89	11	6	10	1	0,523	1,397	1,45	0,00	1107,401	--	
Em Trânsito	172	11:01:30	161,08	152,60	4,38	11	5	10	1	0,339	1,244	1,45	0,00	1109,209	--	
Em Trânsito	173	11:01:31	162,45	153,95	3,91	25	6	10	1	0,400	1,372	1,45	0,00	1111,203	--	
Em Trânsito	174	11:01:32	163,99	155,47	3,51	25	11	10	1	0,321	1,534	1,45	0,00	1112,482	--	
Em Trânsito	175	11:01:33	165,17	156,66	3,20	27	10	10	1	0,199	1,188	1,45	0,00	1113,227	--	
Em Trânsito	177	11:01:35	167,58	159,07	2,69	27	8	10	1	0,180	1,178	1,45	0,00	1114,882	--	
Em Trânsito	178	11:01:36	168,67	160,15	2,58	27	8	10	1	0,157	1,088	1,45	0,00	1115,309	--	
Em Trânsito	179	11:01:37	169,71	161,18	2,45	27	8	10	1	0,147	1,038	1,45	0,00	1115,637	--	
Em Trânsito	180	11:01:38	170,74	162,21	2,41	27	7	10	1	0,173	1,033	1,45	0,00	1116,023	--	
Em Trânsito	181	11:01:39	171,77	163,24	2,36	27	7	10	1	0,137	1,028	1,45	0,00	1116,344	--	
Em Trânsito	182	11:01:40	172,81	164,28	2,27	27	7	10	1	0,191	1,038	1,45	0,00	1116,789	--	
Em Trânsito	183	11:01:41	173,77	165,23	2,24	27	15	10	1	0,128	0,956	1,45	0,00	1117,062	--	
Em Trânsito	184	11:01:42	174,70	166,16	2,19	28	15	10	1	0,104	0,931	1,44	0,00	1117,257	--	
Em Trânsito	185	11:01:43	175,48	166,94	2,15	28	14	10	1	0,187	0,783	1,44	0,00	1117,569	--	
Em Trânsito	186	11:01:44	176,24	167,70	2,13	27	14	10	1	0,048	0,764	1,44	0,00	1117,571	--	
Em Trânsito	187	11:01:45	176,93	168,39	2,04	28	12	10	1	0,152	0,684	1,44	0,00	1117,767	--	
Em Trânsito	188	11:01:46	177,52	168,98	1,94	28	12	10	1	0,164	0,596	1,44	0,00	1117,936	--	
Em Trânsito	189	11:01:47	178,14	169,59	1,79	28	9	10	1	0,083	0,622	1,44	0,00	1118,007	--	
Margem Final (1)	190	11:01:48	178,66	170,11	1,52	8	12	10	1	0,100	0,514	1,44	0,50	1118,503	--	
Margem Final (2)	191	11:01:49	179,12	170,57	1,41	8	7	10	1	0,104	0,464	1,44	0,40	1118,408	--	
Margem Final (3)	192	11:01:50	179,51	170,94	0,92	9	4	10	1	0,226	0,391	1,44	0,22	1118,227	--	
Margem Final (4)	193	11:01:51	179,91	171,31	0,97	10	7	10	1	0,316	0,391	1,44	0,02	1118,029	--	
Margem Final (5)	194	11:01:52	180,30	171,68	0,89	8	5	10	1	0,396	0,391	1,44	-0,12	1117,882	--	
Margem Final (6)	195	11:01:53	180,69	172,05	0,86	9	5	10	1	0,413	0,391	1,44	-0,18	1117,822	--	
Margem Final (7)	196	11:01:54	181,08	172,42	0,89	8	5	10	1	0,361	0,391	1,44	-0,26	1117,740	--	
Margem Final (8)	197	11:01:55	181,32	172,18	0,96	9	3	10	1	0,243	0,241	1,44	-0,26	1117,741	--	
Margem Final (9)	198	11:01:56	181,37	172,17	0,90	11	6	10	1	0,032	0,053	1,44	-0,23	1117,770	--	
Margem Final (10)	199	11:01:57	181,62	172,37	0,89	9	6	10	1	0,154	0,244	1,44	-0,21	1117,796	--	
Margem Final (11)	200	11:01:58	182,10	172,53	0,90	8	5	10	1	0,460	0,484	1,44	-0,07	1117,941	--	
Margem Final (12)	201	11:01:59	183,71	170,94	1,01	9	4	10	1	1,553	1,607	1,44	-0,11	1117,892	--	
Margem Final (13)	202	11:02:00	183,84	171,05	0,98	9	6	10	1	0,149	0,127	1,44	-0,13	1117,873	--	
Margem Final (14)	203	11:02:01	184,05	170,84	1,00	9	7	10	1	0,192	0,218	1,44	-0,12	1117,887	--	
Margem Final (15)	204	11:02:02	184,27	170,62	0,94	10	7	10	1	0,198	0,218	1,44	-0,09	1117,911	--	
Margem Final (16)	205	11:02:03	184,49	170,41	1,06	8	8	10	1	0,208	0,218	1,44	-0,07	1117,931	--	
Margem Final (17)	206	11:02:04	184,57	170,43	1,08	9	8	10	1	0,104	0,076	1,44	-0,05	1117,961	--	
Margem Final (18)	207	11:02:05	184,79	170,58	1,09	8	9	10	1	0,288	0,227	1,44	0,01	1118,014	--	
Margem Final (19)	208	11:02:06	184,88	170,49	1,11	9	11	10	1	0,065	0,091	1,44	0,03	1118,037	--	
Margem Final (20)	209	11:02:07	184,98	170,40	1,17	10	11	10	1	0,082	0,091	1,44	0,04	1118,047	--	
Margem Final (21)	210	11:02:08	185,11	170,30	1,18	7	8	10	1	0,078	0,136	1,44	0,03	1118,037	--	
Margem Final (22)	211	11:02:09	185,17	170,25	1,18	10	10	10	1	0,079	0,056	1,44	0,05	1118,052	--	
Margem Final (23)	212	11:02:10	185,45	170,37	1,17	9	5	10	1	0,358	0,280	1,44	0,09	1118,093	--	
Margem Final (24)	213	11:02:11	185,52	170,37	1,21	9	11	10	1	0,082	0,068	1,44	0,10	1118,104	--	
