Serial Number: 4602

Heading		Pitch		Roll
185.457074	2.840816	-5.576194
185.339883	2.501324	-5.123292
185.168883	2.956467	-5.639634
184.308397	2.931955	-6.385154
184.611855	1.720911	-4.765264
187.073713	2.543268	-7.202112
186.264610	1.626382	-7.759341
187.970199	1.899368	-9.482373
185.818368	6.427176	-1.049193
185.574907	7.738371	2.749870
187.963472	2.714832	2.830374
192.704096	1.262598	-0.328740
191.846966	2.536230	-1.972758
190.152405	2.231725	-0.342719
189.045499	1.356995	0.339219
190.347784	1.010761	1.182159
190.176339	2.935331	1.329008
192.064102	2.574835	0.800894
190.578910	2.025261	0.751905
191.669056	0.972244	0.744906
192.157735	3.145489	0.111908
194.827221	2.616750	-0.510585
194.792672	1.993785	-0.797379
193.839430	4.680966	-0.517593
194.358012	2.599354	-0.286776
196.785486	1.766309	-0.167860
195.057974	3.064894	0.451127
197.380278	2.644866	0.493119
196.868723	2.214298	0.884834
197.463471	2.970441	0.391688
197.980512	3.989889	-0.286761
199.144693	3.061389	1.353490
200.369959	2.798847	1.084187
205.382254	3.163045	0.458134
204.256313	3.113993	0.395181
202.547327	2.788345	-0.167864
205.857256	3.457204	-0.919769
202.548318	3.033368	-0.111906
204.234630	4.407337	1.524965
205.199387	2.518792	1.486475
207.109919	3.103494	0.451138
207.924695	4.323168	0.804387
209.421031	1.668337	0.632982
207.924304	3.621936	0.619003
209.957698	2.721774	0.332227
210.286644	4.856477	-0.968780
211.484162	2.476781	0.171363
216.640174	2.781386	2.893435
212.799690	5.063432	2.585253
214.463643	3.450223	2.011244
216.770508	2.035816	1.241614
215.712191	1.734843	1.287053
215.931562	2.592221	-0.223814
217.537810	3.965511	0.111911
217.553472	1.692828	0.563037
217.809843	1.465466	0.279773
217.266900	3.912927	0.167867
218.633577	3.331089	2.469698
217.479207	2.774383	2.830406
220.587970	1.427029	0.626022
220.465338	2.763820	0.451137
219.485265	2.739366	1.003753
220.469622	3.860304	0.332233
219.683184	3.737535	0.111907
222.554092	1.122633	0.842825
220.550903	4.323120	0.566553
224.352654	2.648295	1.266076
222.816349	2.809428	3.485424
224.497982	0.440647	1.269574
224.868995	1.294038	1.745325
222.914642	4.814278	1.028225
225.046744	2.539842	0.619027
226.506527	2.546791	-0.286771
224.601999	6.226871	-0.409182
224.471783	2.949369	-0.115405
228.162746	-1.444518	-0.867352
225.495454	4.730083	-0.786894
227.864100	2.060312	-2.060312
227.783295	1.003766	1.003766
227.416725	1.839830	0.000000
226.891438	3.495910	-0.514101
228.111767	1.105194	-1.689409
228.806591	-0.776391	-1.108665
226.010229	3.163141	-0.111913
227.889626	-0.055956	0.055956
225.374861	1.315016	0.800856
227.492715	-0.398685	1.535459
227.759149	1.024746	-0.454646
225.372649	2.067302	-0.800888
224.052953	2.179275	-0.458137
226.860948	-1.913352	0.619025
221.357589	2.427726	0.055954
221.641127	5.007300	-0.639992
221.159443	2.504697	-0.349709
221.708774	-2.175785	0.444150
220.101377	1.741901	0.447653
218.101048	3.947833	0.000000
220.639841	0.227317	-0.342726
216.493122	1.206600	0.055954
216.256470	0.167868	0.000000
216.118176	3.394186	-0.629493
213.276783	0.454635	-0.111909
222.069950	-1.129674	-0.167867
212.793036	1.468991	-1.073708
208.553479	3.688551	-1.017726
208.175600	1.776893	-0.685479
206.608843	1.255549	0.000000
206.692484	1.185634	-1.241601
206.997851	2.284275	-1.825846
204.150629	3.516778	-1.899265
200.772410	3.439754	-0.916289
200.005519	2.515241	-1.990265
199.392068	1.017734	-1.983300
202.303620	1.885340	-9.145539
195.930684	0.853354	-0.398687
195.440505	3.233100	-0.979255
195.704689	0.507087	-1.804805
193.994198	0.279768	-1.633361
192.485477	0.220326	-0.664487
193.204056	2.280698	-1.538900
192.174192	4.095247	-2.130305
190.926621	2.487212	-0.982730
191.249369	1.395543	-0.695971
189.624607	2.245808	-0.458144
188.999476	2.917940	-0.055955
190.756795	1.643931	-2.560837
189.483939	2.490700	-2.998359
189.369480	0.167861	-1.510925
185.107598	-0.566537	-0.167860
186.744769	1.276587	-0.944289
183.199516	-0.167861	-0.839332
182.612436	2.427756	-1.524942
184.878324	1.318527	-4.074069
183.623599	2.560803	-2.095290
181.204034	1.710340	-2.567737
181.169977	1.731398	-1.210135
181.211815	0.339231	-1.416513
180.335405	1.318529	-0.744907
178.779352	0.227321	-0.909318
179.686893	-0.447638	-1.122651
178.193334	0.279776	-1.129665
176.529647	1.133187	-1.528485
176.378131	1.731357	-1.556427
175.991215	2.567795	-1.084193
177.548124	2.630839	-1.084205
175.804739	1.948259	-1.318522
173.144986	2.368320	-1.556473
175.157048	3.723728	-0.972291
177.300009	0.514095	-5.323401
172.282390	-0.346229	-0.577055
173.187116	0.619023	-1.297586
175.346404	0.167868	-1.685911
172.752036	2.273727	-1.384996
171.312111	1.902782	-1.035204
172.012785	2.501266	-0.870827
171.997906	2.788408	-1.217134
172.098177	2.245750	-1.783838
172.078246	2.805837	-1.888804
171.351399	0.458130	-2.767310
170.926009	1.958769	-1.566905
169.665794	2.634367	-1.374556
169.522132	2.511794	-0.797387
169.152873	2.434745	-0.849837
168.959248	3.373311	-1.028251
169.324740	2.826839	-1.210102
170.296673	2.938826	-0.748394
167.868800	2.732380	-0.454646
167.309221	2.805885	-0.503605
167.923514	3.341769	-1.301089
167.322236	3.667481	-1.126144
165.457032	2.900420	-0.965274
166.490803	2.182755	-1.206609
166.634489	3.660593	-1.517976
165.063551	4.137155	-0.678451
165.922962	3.593868	-1.024702
166.295700	3.450318	-1.031728
165.178146	3.331097	-1.297528
164.973673	2.984350	-0.828835
169.935735	3.737725	-9.329903
163.492942	4.614126	-1.878264
164.178213	6.413302	-1.860850
161.123934	5.400654	-1.031726
164.351961	4.803720	0.000000
164.923523	5.667760	-0.912816
165.765095	5.681611	-0.339221
165.755158	4.039025	-1.094666
163.638392	5.087952	-0.958247
169.584434	5.334085	-5.959642
168.751538	4.558121	-3.930403
166.834753	5.847024	-2.889939
166.184333	4.053068	-0.503595
168.471150	5.913628	0.458127
168.618738	7.209168	0.000000
169.178407	7.001386	-0.055956
169.415315	5.867875	-0.055953
169.842924	4.221291	0.765882
171.090074	4.835233	-0.996724
170.749549	6.761831	-0.947791
172.351045	6.110538	-2.417220
172.609644	6.462623	-1.668424
172.599659	6.504896	-0.461645
175.684852	4.351178	-1.129663
173.397574	6.350036	-0.451152
180.496080	6.008494	-5.165182
181.195522	6.188163	-8.324731
178.746462	5.966408	-5.572733
179.381072	6.082602	-6.251446
179.177668	7.374947	-3.877851
178.011057	6.307679	0.272782
179.214405	6.205788	0.052459
180.466555	6.842782	-0.507100
180.840946	7.819269	-0.444135
185.416678	5.081067	-2.756843
187.661470	6.198649	-2.319283
188.381680	4.902021	-3.604466
189.032474	6.064921	-3.142033
189.942653	6.655929	-2.781277
189.827435	5.144268	-2.399768
193.559684	6.216174	-4.558127
194.451664	7.575809	-6.987041
192.304912	7.301059	-4.046206
192.414040	4.530018	-3.187539
192.531646	4.687906	-2.588768
193.335228	4.523097	-3.909420
197.022404	5.875144	-4.516101
196.686016	3.961976	-2.546793
199.156171	3.499363	-3.152557
198.462653	5.333856	-3.664010
201.639054	5.228485	-4.018010
201.914277	6.663150	-3.383740
203.153229	5.681730	-1.888818
201.660647	4.708948	-0.727424
203.076435	4.400203	-0.751902
205.236069	2.448799	-1.706896
206.787120	1.311514	-0.818341
209.613087	2.060335	-2.403328
208.290730	2.844375	-0.947779
210.065933	4.235453	-2.802364
212.184681	3.436341	-1.220626
212.608944	1.724367	-0.111910
213.888003	0.842865	0.391694
214.203342	2.042812	0.566560
217.716721	2.196792	0.279779
216.385461	1.259096	1.318564
218.584561	1.084188	3.720107
221.216832	1.640359	3.909280
221.117585	1.580904	5.312760
222.675237	0.391681	5.309238
226.649633	8.321227	4.523157
224.301301	6.892038	5.576288
230.823454	0.395172	4.719385
242.653495	2.973979	4.435417
249.520138	2.504706	3.303072
230.303968	4.046132	3.870853
234.900064	0.758910	4.151286
234.910933	0.678480	3.692140
233.723566	1.909772	2.585236
233.394267	0.167863	0.793875
234.138106	0.895330	1.122686
232.384662	1.647395	1.371022
232.179046	2.833813	1.220583
232.149252	1.909827	1.444498
232.388569	1.601932	2.749864
235.004315	0.591029	0.825356
235.224289	0.167867	0.681974
232.388088	1.598366	0.797357
234.935903	1.689404	1.801367
233.698342	2.144303	1.042232
236.872530	1.720818	1.489920
235.743782	0.860350	1.322069
236.954372	1.734830	0.951257
236.514594	2.623842	0.000000
235.319086	3.404755	2.326261
236.159697	4.245846	2.441702
235.838323	4.214297	2.865312
238.843070	-1.626377	1.566903
238.846510	3.506382	1.031730
238.989252	0.549048	0.272772
240.201109	0.587532	0.821859
240.511527	2.277291	-0.339233
241.480806	1.287083	0.223822
241.589556	1.899305	0.458133
245.943334	3.331143	1.895789
242.223886	3.054554	3.509946
243.756155	1.143673	1.776883
244.597914	1.958830	0.804389
243.136606	2.210815	1.245121
244.164368	1.664899	1.605423
245.480453	5.498952	0.283270
246.930742	3.145556	0.521089
247.185970	1.647439	1.304593
251.066241	-0.055956	2.910955
251.608377	2.634359	1.052732
251.577509	0.734438	3.341745
259.651960	3.404827	3.236677
256.229214	0.055955	0.951286
256.088821	2.543233	1.500431
256.702498	-0.223824	2.196802
256.142860	2.203790	-1.566949
257.777700	3.720163	-5.393688
260.509041	4.803846	-4.919672
256.499168	5.042426	-5.513043
261.190879	5.836558	-3.030057
259.742145	6.110478	-3.933804
263.802170	5.692266	-2.578287
268.542157	1.916846	3.951517
272.151149	-3.233074	6.054320
273.129318	0.000000	1.699901
278.884414	0.276276	4.312556
281.200990	-0.388185	5.565703
275.479090	4.544077	3.520359
268.023204	21.014490	2.546856
287.209815	-0.423162	7.166897
285.567905	-2.074293	3.138558
284.831400	-0.391697	2.875961
287.489377	-0.556073	2.851442
285.643227	0.776416	3.005526
284.965578	1.105143	1.661341
286.029559	2.938962	1.206634
284.282490	5.551566	1.787302
276.778453	11.806241	0.968792
297.041792	-8.858842	2.714890
295.838546	-3.222591	3.005446
287.941698	0.591049	3.236695
283.468759	12.249317	0.398682
276.142686	18.384241	-1.727914
289.651547	-7.692515	-4.263560
289.932098	-3.639577	3.583510
290.275807	-0.832377	2.557346
290.362881	-0.052458	0.968769
288.157432	5.576270	0.055954
270.129474	32.271947	-1.423456
297.036494	-6.131783	2.725340
295.984852	-11.480884	2.784828
293.475196	-0.720443	0.048961
295.297625	1.357009	0.216822
295.237644	5.506155	3.250693
275.669957	26.690565	2.448762
304.435193	-6.652599	8.112577
302.736149	-3.380203	2.287741
301.854633	-1.913317	-0.318246
301.218826	2.109286	-1.580934
304.733700	2.088267	4.368688
307.070383	-2.189820	3.748242
302.550923	5.586927	3.594009
305.839199	2.238793	2.508311
300.017125	7.600746	0.342729
299.793913	10.391054	0.818369
305.880183	2.469719	2.938855
311.733454	-2.802368	3.394261
313.822334	-0.779877	1.822296
312.180777	1.311592	-1.038747
301.951278	15.470249	-0.458144
311.194292	7.008335	5.390114
317.118000	-1.864307	5.368977
320.159471	2.553741	8.670939
319.738094	2.371743	1.489952
322.460645	-1.353506	-1.297537
321.226054	1.906355	1.098205
318.507962	9.202353	2.753409
320.077708	4.540526	2.844333
323.093287	-1.913362	2.960006
325.008842	0.790375	3.173514
324.643342	1.944774	-0.314743
325.509457	3.593928	-2.557265
321.640524	11.513251	-1.182146
324.734289	3.853380	3.408334
329.119410	0.447652	1.857364
333.131479	0.000000	6.057880
334.355395	2.872311	0.954749
332.340125	3.086083	-3.702687
335.588419	1.696413	0.608533
336.742799	-2.480283	4.694985
335.588041	0.370708	6.202184
332.201210	3.579884	2.256227
328.979264	3.608052	-2.245811
329.263320	1.468966	-2.207250
329.617515	-0.860311	-0.916271
331.505999	-0.279772	2.140745
332.598117	1.045693	2.613244
330.448472	2.249236	-0.052457
331.256805	1.906348	-0.171365
333.119008	0.000000	-0.507091
332.336720	2.578245	-1.287047
326.686459	10.348134	-0.346215
332.132106	9.003750	1.350032
331.650533	-0.674980	0.167867
332.739818	-4.161860	-0.052458
331.557840	0.856820	0.000000
328.061614	8.080828	-1.850343
322.413190	18.225276	0.475620
334.779617	-4.596777	-2.238789
334.850529	-1.238120	2.476818
332.216314	3.075508	0.556062
330.337414	3.961883	-1.357005
328.608927	0.958254	1.332521
331.213364	-0.814889	1.469011
330.690635	1.038702	0.000000
319.640042	15.913249	-2.518799
325.631212	6.089410	-0.384683
328.939022	-2.336818	2.042833
329.099898	-2.263206	0.153872
325.781908	0.723934	-2.697316
318.557659	14.644715	-3.275247
319.647770	15.350281	-0.860341
330.704699	-5.017842	3.502839
326.522415	-2.343694	2.914320
326.051785	-1.227574	-2.973864
323.696630	0.220322	-5.312806
323.430865	8.515376	0.000000
315.624976	19.760430	1.689395
332.483768	-0.566549	4.726525
334.213456	-8.621444	0.461626
330.095915	-1.178640	-3.026487
331.487164	2.977506	-1.542477
321.896889	15.063965	0.395185
332.218230	6.071991	0.762410
332.338780	6.603384	2.046313
336.687781	-6.779161	2.914325
335.417164	-2.487339	0.793905
335.111310	4.105782	-3.037031
330.668314	12.532045	-4.207352
332.835531	9.269169	2.175706
335.256911	5.762619	4.165346
337.761451	-6.367619	3.278720
337.213017	-2.196764	-1.941303
334.694489	-0.335729	-4.621252
328.436282	13.868690	-3.026519
331.560113	9.095677	2.060243
336.930552	2.228301	2.952975
336.884066	-2.224776	0.000000
340.730240	-3.022879	-0.916274
335.277303	-0.629506	-2.788359
330.027198	13.023332	-1.273067
332.830147	9.535050	0.444135
336.792189	2.777843	1.297562
338.866535	-1.364061	1.720912
337.716316	-0.444141	-0.220320
340.678902	-1.087692	0.982759
338.298256	7.731164	-1.021223
337.872830	6.068443	-1.500459
339.120853	3.317151	0.919790
338.281225	3.366162	2.140733
338.631226	0.779894	0.612017
336.215843	0.000000	-1.115693
330.348086	3.159603	-4.161869
331.032690	7.198825	-1.524991
333.899549	8.677975	2.760281
335.744172	4.487869	1.850287
333.795837	0.559539	-0.279766
335.626963	0.052459	-2.112811
332.487378	1.738339	-3.043933
329.561555	6.952039	-2.504809
332.668548	5.295111	0.000000
335.198616	2.329706	1.454947
333.157009	0.601517	0.549058
328.820442	-0.160866	-5.291608
329.379652	8.084142	-2.175727
331.178268	6.874549	-0.748428
332.842318	4.782766	-0.244807
331.779035	4.543987	0.367197
333.291980	-1.710378	0.660983
332.576887	-1.797808	-0.528071
327.605523	7.057765	-1.895846
329.364221	6.290106	-4.267033
331.514002	4.011014	-3.124507
334.954177	-1.496987	1.958833
332.008509	5.351503	1.248600
331.470202	6.332468	0.000000
335.395647	0.000000	1.420034
333.874963	-0.272785	0.108414
331.844869	6.754617	-0.601518
329.073429	7.311541	0.000000
332.124256	2.126817	-0.849863
329.797760	2.861934	-1.371050
331.161662	-0.972236	0.454626
328.750093	3.664006	-0.664472
326.614033	5.787168	-1.888816
324.465793	8.883601	-1.944846
328.490906	4.852881	0.538573
329.925247	-5.551701	-0.493107
328.588185	0.000000	0.786884
325.211294	6.860440	-2.886427
324.690718	8.197576	-2.564359
326.485479	5.179454	-4.011101
330.576594	-0.346223	-0.926792
331.607009	-3.082527	-0.797389
331.836426	-1.717377	-0.101419
322.157426	9.417988	0.213322
325.488854	12.170354	-1.713843
324.650141	11.641746	-1.122679
329.572550	-1.367493	0.681949
328.811410	-4.431831	-1.182126
330.418483	-0.591047	-0.269290
319.915427	14.741948	-3.051001
326.764174	5.225042	-0.353218
326.107718	1.727863	0.111909
329.832901	-4.252863	1.049184
328.568215	0.636487	-1.224082
322.764679	9.272770	-4.158204
323.464352	12.406694	-3.804196
322.437449	1.759370	-2.728851
328.863111	-5.390207	2.872441
325.217700	-0.846330	0.000000
319.552886	11.088478	-3.429213
313.057764	17.707131	-5.319905
321.249486	-9.907855	-8.176150
321.304790	-2.399831	-1.962354
329.486070	0.409177	0.587542
321.718781	16.666956	-1.906273
319.068872	0.877813	-1.227585
322.230542	-2.574742	0.279770
317.309960	4.004118	-2.613356
317.867275	5.042392	-1.808323
320.887748	0.545575	-0.437157
316.951116	7.992663	-1.070225
314.803167	9.074739	-1.678911
314.627856	7.124661	-2.427784
316.090773	5.196959	-0.055955
317.561823	1.080660	0.052456
316.392211	4.116265	-1.094695
316.427072	1.017735	-3.215604
309.711990	11.641440	-3.895304
308.740172	16.379056	-1.923800
319.140078	0.821850	4.056542
319.332209	-6.990548	0.045462
321.949926	-1.028212	-0.048960
306.007107	17.223207	-2.364789
305.663737	15.310348	-3.460813
312.409328	2.112811	-3.902437
313.117154	-1.902853	-0.167868
312.610478	3.625403	0.157369
311.171101	3.751762	-2.746414
307.076658	11.377442	-2.473259
306.884228	9.716441	-2.515341
315.632174	-3.653451	-0.440639
313.944541	0.447638	2.910867
311.640126	1.678893	1.154152
311.512607	5.752028	-1.080693
307.565493	8.473104	-5.615004
311.362200	3.411696	-2.508227
314.954613	-5.102110	0.793882
309.770384	2.186226	0.570039
313.563707	7.628829	-1.003734
314.199745	7.308113	-1.881870
308.465787	3.562371	-0.059451
312.203533	-0.811391	-0.751932
314.505401	-7.699330	0.000000
313.465837	-2.035810	-2.823398
304.506896	10.579883	-0.384705
300.785501	15.346821	-0.062950
315.832924	-0.412660	-0.412660
310.501074	-5.302380	0.150381
308.428330	-1.042235	-0.986271
307.488613	1.969338	0.416176
288.684453	23.545655	-1.790805
309.109851	-4.712602	1.045734
305.791170	-2.140813	-1.213635
303.775722	-3.376759	-3.089530
300.249856	1.948336	-0.524593
305.456765	5.066902	-0.559545
298.660767	6.381473	-0.916289
295.393592	7.805123	-1.556393
301.900265	-1.755848	-1.528439
300.792739	-1.395466	-1.283529
296.570952	3.404709	-0.835843
295.242686	6.399179	-1.140162
293.925269	5.917336	-1.073713
295.226906	-0.507082	-0.958242
306.790133	-0.608513	-2.165243
301.308066	6.797158	-2.735912
299.254770	0.167862	-1.367501
288.946261	6.606875	-1.605430
289.607584	7.301015	-0.709960
296.626605	-6.177317	-2.424202
289.939383	5.256767	-2.536346
289.958840	1.339575	-1.619450
294.026030	-2.522328	-0.314754
282.043931	14.409668	-1.206637
282.667938	12.528313	-1.839794
291.849894	-4.656433	-2.109303
296.415991	-3.173607	-1.559956
286.350675	3.734139	-2.728836
280.428409	12.575504	-1.972853
290.332711	1.199599	0.227313
284.458236	3.947967	-1.332554
282.550056	8.017289	-2.098802
286.229039	0.919793	-0.402177
284.162886	3.835690	-2.833809
279.383213	10.515750	-3.131608
284.935575	-0.339223	-0.398675
284.437260	8.112755	-0.171366
282.260518	5.977073	-2.207285
284.089122	-1.867868	-1.318584
281.940364	3.993582	-0.384699
282.955486	1.395495	-0.556053
282.369815	3.436388	-0.447656
281.016798	4.533633	-1.087702
280.499730	4.294980	-2.585244
284.745526	-0.986244	-0.930281
280.738190	5.354931	-0.171360
278.283779	6.846336	-0.423167
284.084577	-2.581796	1.052712
280.921636	2.858365	-1.566923
277.081855	8.961272	-1.937802
279.999771	4.719402	-0.965240
279.067212	2.949412	-1.766348
282.541074	-1.122695	1.070227
278.642884	1.738339	-1.119152
275.359300	6.522374	-0.951283
275.820613	7.752329	-1.976280
279.767659	-1.087660	-1.888769
275.347472	5.748524	-2.525787
275.532803	4.824714	-1.217085
278.149645	-0.223817	0.447638
270.319209	10.664867	-1.601908
278.651625	-1.962290	-1.252083
272.065902	9.127658	-2.095261
273.888915	4.474064	-2.900480
277.554894	-2.907463	0.000000
270.402515	7.600653	-2.228263
276.872912	8.112725	-2.368313
273.952076	1.367559	-0.741440
268.875485	6.578786	-1.808379
269.941013	2.742862	-0.447648
266.996357	8.151246	-0.944261
268.250356	3.222532	-2.819805
269.030411	3.653504	-1.140147
266.479629	5.678374	-2.865463
271.487152	3.380158	-0.720421
269.695740	2.172223	0.000000
266.618873	6.149454	-1.070217
273.490918	5.931145	-1.126133
265.497141	5.316325	-1.787342
266.666060	1.997249	-1.881779
264.533469	5.488332	0.538560
263.669442	9.691612	-1.906362
265.373613	6.744173	-2.182780
269.489412	-3.254128	0.000000
261.071823	8.013559	-1.024715
265.993153	3.198014	-0.709930
267.712332	-0.325230	1.360493
265.154422	7.039985	-2.602777
258.624686	10.074811	1.626416
269.191622	-1.944843	-2.161812
261.109084	7.530330	-0.807899
263.847439	4.838898	-1.395526
267.675358	-1.028220	-0.867329
263.503880	4.821373	-1.811867
262.602730	6.303953	-2.077719
265.900035	4.530097	0.237810
267.019896	1.682397	2.389283
263.325582	5.601053	-1.227636
259.506197	11.406474	-2.193348
267.770076	-3.723668	-3.667596
265.968669	-1.420032	-0.111912
260.242211	6.543432	-2.942414
260.604505	9.336843	-2.455790
261.613818	1.983336	0.339235
263.479757	4.140662	-0.174855
261.879284	3.338202	-1.357034
259.898985	4.182741	-0.276271
261.025375	5.365610	-1.157665
255.854267	9.648935	-1.322070
258.434727	6.899188	-1.955325
266.725863	0.500096	-0.108411
256.833075	6.980095	-2.004280
260.667169	1.552907	-0.832342
256.544683	6.599689	-1.105163
255.613684	8.493992	-1.570382
261.568071	-1.133176	-2.098806
258.477421	5.372504	-1.619398
258.030257	2.658733	-0.325230
253.361640	8.618194	-1.559963
262.732008	-1.969287	-1.531937
252.971095	10.892919	0.055956
258.166576	5.748662	-1.622951
259.986298	2.623769	-1.839810
257.316171	4.951262	-1.262607
257.140436	3.860230	-1.017712
250.842864	15.583072	-1.003780
253.180376	14.059309	-1.850312
261.935921	-1.986819	1.832856
258.693066	2.553851	1.378056
254.217600	13.368277	-4.610760
253.685700	11.110193	-1.126175
257.134350	4.874004	0.000000
258.211797	3.884877	-1.028234
256.956994	8.317571	-1.986814
256.413232	4.579212	-0.104916
254.778939	10.743475	-1.972844
253.504575	12.693785	-2.543355
259.040376	2.445193	-0.108409
254.139523	6.100013	-3.621937
253.621571	8.950469	-2.539727
253.263982	10.018214	-2.098837
258.396107	3.979404	-0.339221
253.967040	7.907832	-2.473308
254.117461	9.127863	-3.128078
260.491259	-3.432758	-1.290558
251.859798	10.903252	-1.248569
253.378473	10.209794	-0.874332
252.968681	7.565511	-0.458143
252.123076	7.501821	-0.961762
252.681402	6.585515	-1.514414
255.932332	2.259781	-2.151288
252.405069	9.545644	-0.167860
260.836651	9.691141	0.000000
255.467551	3.155970	0.000000
255.329600	3.737527	-0.160866
255.690969	4.007569	-0.307756
256.919571	2.529328	2.207306
253.742747	9.712759	-2.123297
250.417177	14.120860	-1.427009
255.501945	7.650271	-1.906367
256.808671	3.226058	-1.636879
256.805676	9.280199	-3.488892
259.277801	2.098828	-1.678927
254.126639	11.798870	-0.664485
254.000677	12.474893	-1.475978
262.668366	-1.126137	1.633364
257.630346	5.650094	-3.019458
254.441291	10.668264	-1.007219
263.891138	-4.488007	0.157375
251.070753	15.440929	-0.164368
263.525761	-1.353492	1.717319
259.660319	0.884791	0.108409
255.066277	9.287276	-0.986266
258.289035	5.966322	-2.830297
261.159928	-3.600980	-0.097921
250.635734	12.331397	-1.031706
257.106098	7.209288	-1.217123
259.749585	1.493480	-4.372263
260.205912	3.058065	-0.818389
256.822124	6.708711	-0.835829
254.815712	11.213161	-0.657467
263.048174	-0.776405	0.552568
258.888300	1.346498	-1.832781
258.020634	4.680960	-0.821870
253.849385	10.725512	-0.653992
256.778957	5.077489	-1.591401
261.252621	-1.350039	-1.066704
257.189852	6.969504	-1.000235
255.532779	7.770212	-2.721887
252.678771	9.964429	-1.024705
259.773097	-0.716941	-0.220323
258.504407	0.479132	1.601961
254.778296	8.204426	-2.725334
252.829503	10.664840	-1.479459
256.524286	3.327693	-0.842852
252.645173	8.172422	-1.934262
263.393564	-6.846149	-1.531920
251.247123	9.074627	-0.723937
254.112728	9.294438	0.000000
257.686838	2.112716	2.168709
253.679007	8.579094	-0.681963
253.911335	10.237991	-1.521423
255.901453	5.618352	-3.162987
260.997617	-6.804147	1.367555
252.540630	9.471517	0.052458
254.290240	11.195553	-2.151255
260.568419	-1.140145	-0.968755
255.288445	4.891559	-1.010749
253.009228	12.191830	-3.765611
261.023208	-3.453776	1.878305
258.393382	2.455771	0.744920
254.068576	12.113321	-0.510594
260.463364	4.147828	-0.727441
255.555183	8.395148	-1.790824
260.839481	1.619439	-0.486122
256.694462	7.632670	-1.217150
260.446837	3.947833	0.000000
261.553272	3.895283	-0.601514
269.553341	5.039047	-1.640438
259.278094	8.321027	-1.084190
260.010341	6.265467	1.178638
262.770614	3.755189	-0.227319
266.626789	1.339549	0.587540
263.848560	3.551983	-2.872445
258.326344	13.530460	-2.669385
260.930867	8.964798	-0.965263
269.784337	-3.040388	2.595720
263.129764	9.435901	-2.263235
263.434621	7.445287	-1.853789
269.153670	2.116307	0.000000
261.581125	12.944373	-0.297259
272.762918	-2.840954	-3.215687
267.637770	4.021496	-0.734416
262.545107	12.894013	-1.479444
269.505392	2.795389	-1.045727
270.876511	1.287093	1.790879
264.770801	10.316260	-1.042205
265.274746	10.377081	-0.122405
286.041387	-2.539822	2.973982
265.608726	11.341818	-0.447643
273.525122	1.346518	-3.110474
268.161472	6.944712	1.962247
268.902262	8.024422	0.517600
272.704315	2.060240	0.685449
268.026325	7.106936	1.962285
268.964586	9.421793	-3.639495
269.310783	5.316316	0.115406
274.055692	0.598009	-2.287690
267.457105	9.248272	-1.448001
270.121269	6.233643	-0.598016
270.547876	7.279710	1.461979
267.493561	10.469230	0.538572
277.156800	2.977379	-0.811356
269.523435	13.001772	-5.175815
274.674988	5.688733	-5.572767
280.699738	-5.889233	-1.206639
272.336057	10.334061	-1.965784
274.800117	6.543378	-3.618450
271.194800	13.908086	-0.192345
277.921146	3.201513	-2.385712
278.704286	3.688481	2.959855
276.086782	11.784307	-1.577405
272.244249	15.020707	-0.398687
287.830699	-7.988982	2.025299
274.589512	13.246412	-0.667992
277.204784	14.391498	-1.416515
288.823130	1.990240	0.000000
279.398641	5.355038	-1.640419
279.555007	6.328934	-2.970514
278.014170	9.939773	-2.984434
284.876013	-1.580963	-3.215671
278.019296	7.783945	-2.812783
282.044346	3.026526	-0.321748
279.368609	8.024263	0.000000
283.243631	4.287982	0.570041
283.426744	6.532985	-1.056223
286.136488	2.196759	-2.487266
278.719566	10.814408	-0.437151
286.133696	-0.160873	-1.692903
279.362125	11.049472	-0.832355
288.901526	8.140600	-1.969247
287.452956	-2.256323	-1.587964
280.477185	9.897418	-2.532837
278.862151	13.163306	-0.241303
282.221963	4.031961	-2.130211
282.137704	5.586696	-1.419961
283.809311	4.498552	-1.224121
284.169530	2.473195	0.821839
279.466349	5.983955	-1.832804
281.921597	5.063572	-0.339233
282.258601	3.541345	-1.468954
288.612606	9.953847	-0.167862
293.731534	7.019099	-1.909869
279.235779	5.751966	-2.760314
281.211926	5.204083	0.451151
278.930534	8.830167	-1.000227
284.485838	1.587891	-0.765890
281.018162	7.082475	0.167868
290.384834	5.678157	2.018268
279.093062	11.695521	-1.511001
281.913310	7.907818	-1.168153
287.196876	-2.312261	-0.202837
280.220080	10.376646	-0.825350
282.730717	15.869415	-0.181853
286.282379	2.245734	-4.610699
287.219423	0.570041	-2.441731
283.425546	10.056802	0.000000
278.305738	16.266210	-0.779896
280.346793	10.053213	-3.092939
294.953195	-8.419941	1.776838
282.076157	11.345682	-1.643939
276.990315	16.963524	-2.175803
282.454138	14.387881	-4.884523
285.777285	5.878590	0.699455
281.334421	12.173854	-4.354577
282.861812	10.608176	-2.095313
295.305099	-5.815278	2.291256
285.431420	8.862391	-2.774414
288.648098	2.154733	-5.147687
287.350140	6.219810	-1.507484
288.708554	2.413741	-0.167863
286.410440	7.389136	-2.756883
286.555534	11.306543	-2.868979
290.832575	1.371032	1.210120
282.030129	14.106360	0.360213
283.401759	16.138296	0.923272
293.520040	-0.608502	0.000000
289.867021	5.625484	-0.793882
289.469412	8.508339	-1.692869
287.332214	12.252656	-1.825805
293.795650	1.923810	-1.811840
291.852096	6.677197	0.388188
292.336311	3.306647	-0.951270
290.872470	7.360809	-0.405676
293.768082	6.050998	-2.168815
296.610108	1.689358	-0.786879
294.018730	4.347571	0.811355
291.505310	7.812537	-0.909320
295.533737	4.046019	-0.877808
292.841440	8.377423	-1.077174
295.235257	4.652950	-0.227321
294.545196	4.916204	-2.252825
295.589393	5.941856	-0.409173
301.749288	5.200315	-1.937757
297.819494	-0.426665	1.227620
294.418205	4.670380	-4.004008
292.955495	8.271620	-1.524962
297.916343	0.748405	-0.346217
291.549693	6.655942	0.398672
296.988901	-0.279779	0.000000
293.523358	2.984401	-0.758899
293.270680	5.801179	0.818360
290.136085	8.646454	0.000000
292.428488	4.172223	-2.560726
293.662350	-1.094667	-0.821853
292.971741	2.245743	0.000000
289.661665	6.258361	-0.867328
286.158858	13.548517	-0.622530
294.906753	0.755432	0.486126
296.748777	-3.306712	-0.881335
292.421956	5.288136	0.115405
290.499213	6.381621	-1.636921
304.137175	0.444147	-2.445273
300.878930	4.610854	-0.167868
294.251985	6.286688	-0.461643
292.273596	1.042195	-1.423469
292.219960	3.383670	-0.279770
293.074082	4.070565	-0.405668
290.096083	4.796633	-0.748401
298.978751	0.797363	-1.703336
286.054235	9.166637	-1.811830
294.113504	-2.494258	0.108412
288.254061	4.410807	-0.867335
287.401879	7.142146	-1.608894
288.676865	6.892158	-2.074309
290.701340	3.047472	-2.126768
292.807251	-2.203740	0.451135
290.430784	4.007625	-0.052459
287.237588	8.993182	-2.266770
289.520263	7.837270	-0.171365
287.816714	7.328900	-0.618998
296.806115	-6.701856	1.731361
293.606576	0.832369	-1.612433
278.351028	19.452792	-2.658895
278.628796	22.933860	-4.867007
295.396061	-5.379396	-1.976235
292.945157	-0.052459	0.052459
284.160077	9.563509	0.000000
287.704494	7.304466	-0.349724
286.100069	8.795020	-0.496611
302.319184	-8.565188	0.353226
293.698663	-2.525706	0.000000
281.230357	15.046197	-1.689423
286.459286	10.010792	0.125898
285.091968	9.000194	0.559555
295.463767	-5.516510	3.142004
280.901614	14.481576	-1.643892
284.364345	8.780989	-0.059453
289.504433	-2.130247	-2.707791
284.366857	4.691502	0.395188
284.707791	3.394331	-0.339237
285.786491	2.725261	-0.961745
282.143310	9.897338	-1.818863
278.317822	11.402655	-1.374544
284.998425	-0.821888	-2.851457
285.553487	-1.255574	-0.521081
279.443404	9.893728	-2.235281
296.751670	-4.452841	0.930280
283.654805	2.623831	-0.653994
278.244968	10.960415	-1.346535
282.365886	2.823374	-1.612417
285.104364	1.262594	1.315066
280.326312	6.863798	-1.129648
283.132554	-0.402178	1.559930
285.957809	-4.930025	-0.195839
277.153453	12.092088	-2.312302
274.204192	16.499862	-1.441023
284.601028	-5.980616	0.136392
283.778491	-3.170010	-3.008908
285.680925	1.077204	-0.395188
262.634749	31.528346	-1.899366
285.340226	-5.344530	1.538969
284.988560	-2.459307	0.664488
270.789564	16.791908	-2.186321
281.123699	1.227618	-1.843352
283.680858	-4.610874	0.000000
271.221760	14.612024	-0.272787
274.268280	10.004012	-1.234635
278.112216	3.149083	-1.482987
279.893352	-0.160869	-1.734850
274.527806	10.992839	-2.014852
277.765077	5.850530	-1.241613
277.048761	4.596639	-1.101659
277.950308	4.217852	0.332229
274.371560	12.492956	-1.290589
282.040530	2.000831	-2.977495
279.033212	3.352243	-1.136669
281.976437	0.209830	0.423159
279.752720	5.351481	-1.668394
276.257854	9.556756	-1.633434
285.560676	7.142120	-1.734838
281.852867	0.269289	-1.084211
270.780996	21.253362	-3.373157
281.827177	4.396684	-1.346511
288.844007	-5.822211	4.901931
278.581177	10.206315	-1.661411
274.258345	16.949246	-2.784950
283.680115	4.610765	0.744921
289.892349	-6.842917	1.706918
278.072171	13.522727	-1.811819
279.797549	9.092183	1.052696
284.523938	3.338130	-1.668357
284.750241	-0.633019	-2.532848
279.081466	10.423093	-3.138557
278.342300	12.632274	-0.909289
286.039742	0.409172	0.174859
285.990068	0.000000	-0.346226
287.022107	-0.052457	1.003736
284.503744	7.216416	-0.342733
287.329494	-1.003714	2.560717
277.746848	10.540252	-0.688951
288.755505	-9.283395	-2.371710
286.116405	-3.709624	0.000000
283.496694	11.342068	-2.595847
281.173504	8.887190	0.346232
281.838169	2.154767	2.599292
278.977801	7.427791	-1.091183
279.008505	8.105468	0.566551
283.681799	0.367214	-0.549077
276.298317	7.964244	-3.471336
277.455075	5.109274	-3.026539
280.440836	2.326259	-2.826863
281.643984	1.161113	-0.440638
277.485153	6.825195	-0.272783
274.406982	12.607592	-0.671484
279.231099	8.880022	1.049230
276.388613	9.248358	-1.115692
273.905321	12.912281	-1.535456
282.824630	0.556061	-0.500104
282.870074	0.272786	2.529325
276.306382	9.106396	-2.522259
283.470962	0.713460	0.842870
280.826084	5.505863	-0.374189
275.291800	13.253261	-1.409504
287.941422	-7.678508	0.153880
282.369751	2.942379	0.157371
285.737355	5.116222	-3.159583
280.257311	6.761706	0.472122
281.712260	3.467796	-0.786884
279.694250	12.167174	-2.438305
274.792400	15.941921	-2.886341
279.445664	9.315482	-1.591417
283.263347	3.492274	-1.713838
282.682430	3.376707	1.685871
285.705164	3.681536	-1.224096
282.077415	7.565294	0.000000
278.538716	7.865482	-0.118906
286.340407	10.479971	-0.164368
283.144571	5.239033	-0.220321
276.928808	13.260377	-2.137258
290.786870	-10.095984	-0.584034
284.286932	1.475977	-3.464327
271.378890	31.334391	0.055954
276.287754	17.409599	-1.255570
288.680781	-3.926956	0.552570
279.378949	12.020060	-0.793866
284.310948	5.994554	3.026442
287.894963	0.000000	1.657851
289.625455	0.199338	3.664007
282.976705	14.326289	-0.125898
291.534758	1.811823	-0.748410
292.425185	1.353553	3.387289
290.946118	3.233178	0.000000
288.928840	7.872378	1.556429
290.450766	5.657260	-1.140182
284.062674	14.824891	-2.347240
299.931904	-4.937149	-1.014239
287.289713	12.628849	-1.416496
285.823539	17.263457	-3.401285
293.777641	5.354858	-0.342718
287.066856	13.573453	-0.486121
298.909484	-4.452884	-0.048960
293.393414	7.819502	0.055955
303.975097	4.393320	-0.174861
292.702576	8.611186	-0.958297
299.395655	0.220320	-0.779885
296.089983	6.539766	-1.573890
299.549971	4.316225	2.322829
298.093820	6.958829	2.196714
298.410080	2.525718	-1.664850
295.608467	7.223249	-0.461629
301.097000	2.791894	4.891571
299.127310	5.878723	0.584054
295.099836	9.191512	-2.438275
294.783724	3.734152	-5.713392
294.831042	9.652136	-3.317108
292.939417	14.175031	-0.381200
310.156108	-8.374054	2.158271
307.319863	-1.003766	1.003766
292.483759	19.872478	-3.208696
304.154912	5.600969	0.898822
306.936337	0.000000	-0.290271
303.390899	10.426410	0.265782
303.762874	10.551375	2.343831
308.968797	3.383729	-0.874326
308.365411	5.790787	-0.468635
309.280567	5.650250	0.748437
315.808637	1.976235	1.297523
313.709509	3.215491	1.437445
312.977675	1.168136	-3.905867
317.572500	6.613872	-3.418781
316.896183	5.341009	4.937203
318.550882	0.167868	0.000000
314.931617	0.660961	-4.144145
319.341806	8.102078	5.333982
319.355187	6.553998	7.794741
324.524452	-1.409526	-2.550323
321.405071	3.082565	-4.709103
324.294324	3.072048	1.357056
321.824494	5.734360	6.617271
323.298196	1.472488	1.245105
319.588841	1.629921	-5.010897
323.190354	1.080703	0.737932
329.261860	1.028198	4.442251
325.085861	2.200302	1.427020
324.329553	-1.549479	-4.652984
322.245979	2.455800	0.276281
322.899932	3.923506	2.497842
327.145020	-0.272784	4.007581
318.996294	8.214972	-3.415251
320.456598	4.919685	-3.983083
324.770858	-0.734407	2.574718
323.004295	4.049584	2.417254
319.776208	5.485011	-3.110551
327.403576	0.118906	0.241310
325.249484	-1.430477	0.458130
325.394749	1.276543	-1.384982
323.504123	2.259755	-2.259755
Calibration score: M39.00Q8H6V3
Failed Calibration. Please Repeat Calibration!
Calibration duration = 113 seconds
M39.00 = Magnetic influence is acceptable
Q8 = Magnetic field is uniform
H6 = Incomplete horizontal rotation
V3 = Low pitch/roll
Recommendation(s):
Repeat calibration with two complete horizontal rotations. The required duration of the compass calibration is between 1 and 2 minutes.