Serial Number: 4602

Heading		Pitch		Roll
316.159667	0.741408	-0.741408
315.900286	0.626019	-0.681978
318.680706	0.626010	-0.741426
317.092757	0.626022	-0.909326
315.902218	0.793896	-1.024743
318.869782	0.853319	-0.912776
319.221412	0.454625	-0.741402
318.344693	0.626010	-0.398683
318.730961	0.514100	-0.454645
319.540393	0.570058	-0.741434
317.476865	0.741399	-0.797357
319.523661	0.744895	-0.800853
319.703075	0.741441	-0.510608
319.656299	0.912801	-0.741422
322.181321	0.741399	-0.797357
319.797811	0.625987	-0.625987
318.319028	0.570061	-0.342732
321.775832	0.797398	-0.454647
319.638977	1.196106	-0.912790
320.145606	1.140174	-1.080710
319.013193	1.136631	-0.797364
318.902995	0.912823	-0.626022
320.008975	0.797392	-0.510601
319.729443	0.514086	-0.625999
320.225393	0.454636	-0.626005
320.612660	0.510601	-0.797392
320.436923	0.514086	-0.625999
321.596103	0.514104	-0.398691
318.149558	0.398675	-0.342720
326.844122	0.454649	-0.454649
320.824712	0.514086	-0.625999
320.680741	0.283277	-0.626017
320.635358	0.626019	-0.681978
319.240154	0.626005	-0.454636
318.985356	0.797369	-0.227313
316.900973	0.797398	-0.454647
318.922665	1.024706	-0.681951
316.785319	1.024742	-0.797393
319.502650	0.912793	-0.454633
317.086500	1.140157	-0.681967
317.928050	1.136661	-0.681968
316.663467	1.024717	-0.626001
315.404685	0.510603	-0.454645
315.497142	0.454636	-0.626005
315.667531	0.510601	-0.797392
316.790643	0.339219	-0.797361
315.536878	0.339221	-0.454628
314.945834	0.342718	-0.454627
313.100609	0.227319	-0.685469
312.009591	0.283274	-0.681969
313.067356	0.510608	-0.741441
313.024838	0.283270	-0.741416
312.415961	0.283270	-0.741416
312.539744	0.339232	-0.626014
309.303370	0.283274	-0.681969
311.655857	0.339232	-0.626014
309.176900	0.454647	-0.797398
308.191977	0.342725	-0.685462
308.574319	0.227316	-0.744916
307.727262	0.227313	-0.800865
309.461715	0.227319	-0.685469
308.093967	0.458128	-0.685452
305.746159	0.283266	-0.797365
306.498178	0.454646	-1.024746
304.207732	0.566567	-1.133189
302.713029	0.737912	-0.737912
303.999499	1.084179	-0.514087
301.605632	1.143619	-0.514077
300.319860	1.084200	-0.968774
300.727040	1.077163	-1.416461
300.458721	1.073669	-1.412966
301.538529	1.017735	-0.849848
298.609941	0.853316	-0.227310
298.740744	0.688966	-0.227319
298.419914	0.514105	-0.975783
299.961663	0.339225	-1.710358
297.549905	0.510604	-1.482996
297.543410	0.454631	-0.681956
296.099556	0.342729	-0.626013
295.062079	0.454646	-1.028243
303.646702	0.454637	-1.255586
293.841020	0.454646	-1.024746
292.896765	0.339230	-0.912806
291.697761	0.283271	-0.968758
293.128071	0.793875	-0.909293
292.239159	0.797393	-1.024742
291.106542	0.741422	-0.912801
291.518209	0.853319	-0.912776
287.742843	1.371038	-0.797390
291.764015	1.318531	-0.972246
290.627925	1.203080	-1.318511
287.627775	0.912789	-1.199602
287.124229	2.553760	0.965257
292.237283	-2.049782	4.902023
290.722234	-2.508250	1.538927
287.662893	-3.299622	1.479453
282.811586	-1.210135	-1.612440
278.715382	2.931848	-2.312210
278.874810	3.439713	-2.217714
282.651319	2.200217	-1.972754
279.230788	1.087672	-1.374503
278.530410	2.256220	-1.794312
274.904670	2.952865	-4.519450
273.438705	4.996770	-6.962471
276.659927	4.175804	-3.099993
280.049068	1.734905	-2.574848
281.954491	0.283271	-2.221254
280.522348	-1.252107	-2.392799
277.152650	1.066685	-1.066685
269.590589	3.065054	1.503991
270.764219	6.015785	-3.457358
269.370570	7.064724	1.409509
270.112422	3.075549	3.772748
275.802114	0.818388	2.224820
275.330850	-0.996735	0.234309
276.504869	-0.688979	-2.595863
277.418894	-2.028727	-1.860771
278.081079	-2.252717	-1.801307
277.898125	-0.615529	-2.014834
277.824437	-0.619020	-0.958282
275.563990	-1.080692	0.454638
272.870313	0.741424	-0.111910
270.178728	3.951320	-0.055953
271.486111	5.263562	-1.962264
271.988740	4.610787	-2.217778
274.514173	2.154711	1.587879
274.206245	1.573918	2.924893
275.682885	1.070225	-1.126192
271.978058	3.114000	-6.015660
273.704436	1.402500	-2.249249
271.768245	1.028202	-0.685447
270.088993	0.923290	-0.748413
269.392375	0.342733	-2.592352
269.235911	-0.849843	-6.195054
266.114853	0.626020	-5.414807
264.237249	1.766367	-3.135058
267.182831	-1.458509	1.234623
269.446539	-1.440980	10.707559
267.255369	1.308073	11.071012
269.892468	1.636896	3.513356
268.356775	2.532844	1.552975
274.620417	5.984008	5.256596
265.569161	5.102160	2.039298
267.167931	3.079013	1.510963
265.778255	3.755187	-1.566942
267.083039	2.690251	1.231071
272.208877	1.839824	11.845157
273.035818	2.483721	4.624693
273.699050	1.692891	-0.933794
269.905242	1.122631	-1.234560
279.764480	2.718298	-2.207242
264.157652	4.147801	-3.250640
262.252537	4.235333	-2.763772
260.151347	2.137211	-0.447631
262.322380	0.279782	-3.997113
263.490651	-1.143675	-3.895433
260.573375	0.503594	-2.686783
259.481624	2.007797	-6.149364
258.721761	2.200256	-3.128017
259.068743	1.031698	-0.688944
260.401071	1.087680	-0.800874
260.368599	1.189103	-1.301037
259.358694	1.084200	-0.968774
260.222902	0.734407	-2.151209
259.983730	2.007817	-2.697355
261.145319	1.196086	-0.737903
260.664332	1.031714	-1.664877
259.444346	0.451151	-2.725395
260.800481	-0.573545	-1.031720
256.744287	1.322047	-0.919795
256.482346	0.223820	-0.730929
254.166286	2.480285	2.368275
251.838284	2.812810	0.629493
252.824327	4.217821	-0.398673
252.914290	3.051007	0.167866
255.340216	2.298262	-2.123273
252.753859	0.870816	-2.672767
253.316488	-0.339228	-0.678468
259.897710	1.472480	-2.095285
253.132727	3.586909	-1.846808
254.303132	3.093020	-0.447645
250.594195	4.681063	-3.594058
252.933065	4.105671	-6.050821
254.077882	1.657880	-4.326587
252.904961	1.668352	-3.572853
255.290841	1.325547	-0.171362
254.395324	1.605416	0.629505
254.354678	1.755800	-0.339217
254.081372	2.203768	-0.958273
251.857228	2.434806	-0.395190
252.086727	1.671916	0.276283
253.327335	2.735795	-2.966892
252.765750	0.563041	-2.536219
250.947048	-0.979259	-0.052458
246.850815	1.556413	-0.500096
242.991420	4.652788	3.558862
243.758773	5.857576	5.232138
247.334067	3.832195	3.527317
253.403684	0.111907	2.175713
249.628059	0.167868	3.639583
252.355783	1.052688	0.000000
251.715987	2.161824	-1.829381
247.707654	5.748651	-0.503613
246.695568	12.020478	-0.115408
243.073655	12.718560	2.452279
247.151049	7.681981	1.787387
249.898992	3.839330	1.724393
251.395513	1.682401	-0.290270
256.764385	1.622868	-0.951253
251.237266	-2.081288	-1.350042
251.466824	-2.473230	-3.064936
252.766254	-3.415320	-3.352260
252.389756	-2.851338	-0.741412
250.318108	-1.626358	0.727411
248.287560	0.727438	0.000000
247.488167	3.713069	0.279773
245.767416	5.502610	-0.517598
244.490185	7.929060	0.993268
243.343285	9.652350	0.989752
244.215611	8.310527	-0.279779
243.569722	8.426999	-2.494253
242.944824	2.914361	1.482946
247.492409	-1.168102	0.465115
248.534897	-0.685449	-1.203092
246.954850	-0.447640	-0.167863
247.778509	0.898807	0.447641
247.036833	0.786884	-0.055954
244.974765	3.131543	1.080695
248.418447	2.609820	-1.587936
245.891582	3.755074	-2.802292
245.972295	2.963416	-2.578277
250.897140	1.472467	-1.909803
252.280127	1.343074	1.734910
247.908768	4.245945	6.497661
250.589890	7.787879	12.876623
245.091997	6.124868	6.300764
248.870916	3.653450	2.931851
246.416220	3.615049	4.881057
250.520417	1.035198	2.014744
249.018830	-0.223823	-0.167867
250.269856	-0.052459	-0.108415
243.622424	4.933695	3.488896
240.817385	5.274242	4.596765
243.377855	4.452782	-0.391677
240.291278	3.513461	-1.811888
242.313242	4.074184	-4.642377
238.771178	5.207320	-2.214201
240.708855	3.376762	3.152577
235.738835	5.607815	7.406497
233.982791	6.304181	10.878596
241.380124	1.573931	4.161812
238.741076	2.196696	2.602713
243.100525	0.510592	1.535435
241.432673	1.664841	0.052456
239.347582	4.417717	-0.667961
237.153764	4.347761	1.780389
240.723392	4.256394	2.574736
240.505959	4.017948	1.017706
237.664200	3.944394	-0.563049
236.162672	4.750979	1.199586
237.979353	3.254099	0.926785
260.576249	-0.580524	0.174854
243.063927	-1.958783	-0.055954
237.715894	-0.905825	-0.905825
237.283281	0.223824	-0.111912
235.400082	1.339498	-1.339498
230.606258	4.151199	-0.559546
231.232985	4.025079	-2.679825
229.477829	3.068480	0.052457
228.925636	5.797851	0.706464
231.006399	5.477919	-0.807874
232.699194	1.664901	-1.836344
232.328548	0.779914	-0.779914
230.990067	2.151229	1.811806
232.794041	1.577415	2.312245
233.770791	1.972765	0.000000
233.749903	3.289137	-1.615902
232.706499	6.937843	-0.772898
230.560245	5.203945	0.881321
227.452718	4.501896	0.328729
232.364725	4.863295	-1.241564
226.621237	5.572744	4.428299
228.796112	3.818244	4.004027
228.838568	4.800131	2.707759
226.902758	3.467756	1.759324
226.220286	4.537002	0.391680
228.236301	2.501245	-0.111908
229.664673	0.055954	-1.489955
230.042529	-1.129624	-0.846320
227.683237	-1.133170	-0.167866
229.113655	-0.220327	0.052459
226.349152	2.375191	-0.863809
223.029194	8.830433	0.108414
217.645251	12.485332	4.694874
223.669213	7.417248	2.840879
221.973571	7.297484	2.630854
224.088774	5.720266	0.283266
223.163187	3.762115	0.737914
224.852461	0.765922	-1.357063
225.837024	-1.832796	-1.832796
223.257043	-2.242252	-2.529268
221.941449	-2.256222	0.111908
222.583512	-1.059713	-0.779900
241.650725	1.906261	-1.063173
220.990196	4.884449	-0.111909
221.130948	5.288260	0.811375
216.992548	8.819568	1.252071
217.374099	10.988956	3.198088
216.356045	8.547019	3.271534
221.471334	3.741077	0.566542
218.119374	2.000801	0.741426
219.021180	1.080662	-0.625990
220.201105	-1.434005	-2.697344
219.992394	-3.660430	-3.660430
220.839254	-4.495112	-2.413834
221.131769	-1.801320	-1.010724
219.174582	0.842832	-0.055954
216.713070	4.614233	0.989743
214.968460	7.424166	2.123239
214.019713	9.184417	3.793718
214.154230	7.519338	2.742770
219.327941	4.428445	0.223825
229.912033	1.308044	-1.934286
222.699150	-1.150666	-3.282198
223.035866	-2.791831	-2.109258
222.211494	-2.931862	-2.473228
222.797187	-2.959983	-1.308082
220.358141	-1.350026	0.000000
217.437877	0.000000	0.279779
215.446134	2.546775	0.961766
215.686436	3.057899	-2.151210
220.430644	4.014510	-5.035375
216.124642	5.042485	-2.518800
218.906375	1.143658	-2.291272
217.915012	-1.619389	-0.916288
212.870672	1.678908	5.453407
210.979087	5.741642	12.808529
212.040679	2.270231	7.297237
212.430279	1.252079	3.268110
213.932793	2.816353	0.528080
212.928877	1.318529	0.744907
212.103213	-0.797374	-0.055954
213.376985	-0.559541	-0.671454
208.597063	1.836335	0.000000
208.206631	4.501990	0.608519
207.237073	3.646598	-0.605036
208.559744	2.438245	-0.552557
210.160141	2.970509	0.055956
207.269065	4.179340	1.392015
208.629844	4.098726	3.058012
197.479398	5.541121	14.199958
200.150347	4.137161	10.913871
204.939281	4.056511	3.085922
203.529913	2.634233	2.868808
203.162196	2.466234	4.077590
202.196106	3.649931	3.138457
200.726261	4.526675	2.599361
201.471261	5.713349	1.423495
200.417244	5.425206	0.220322
200.895614	3.002002	1.035238
204.326246	2.553750	-1.164624
203.755201	3.141940	-1.154110
202.374679	4.958122	0.968751
195.366850	7.621853	7.096442
192.819964	6.895529	13.706292
196.955194	4.435460	5.327007
202.568204	0.514099	1.489987
199.035022	1.136627	3.986395
199.169064	2.578251	0.916286
199.361347	4.817773	-1.357027
198.527466	5.495431	-0.961758
196.481510	4.586192	0.000000
193.145286	6.434340	3.292659
194.264503	4.940717	4.614340
203.911404	2.231734	-7.085751
204.630616	2.147761	-4.245943
196.365828	4.130262	7.318523
189.425732	6.937719	16.849591
198.565537	5.885515	7.184421
199.038156	3.660442	2.788278
201.275554	0.339219	-0.797361
203.069617	1.203089	-5.305678
202.223720	-2.756874	-2.704356
208.908353	-2.532837	-10.412593
201.585714	-3.628992	-10.163540
192.779331	-0.402170	0.402170
193.965817	-1.154154	2.193280
195.950222	-1.710385	-0.111910
193.784171	0.905799	1.189115
187.377635	6.142143	6.884826
183.728975	12.887457	10.789820
187.156586	9.765763	4.628248
190.646368	3.986623	2.917996
192.960239	0.174858	-2.410246
191.098174	-1.402519	-1.168147
188.398467	-5.734576	-2.102322
189.269385	-5.734523	-1.811864
189.660640	-2.602802	-0.772902
187.622189	-0.486120	-2.501312
185.258472	1.626377	-0.671462
181.978982	3.061568	3.828862
179.401659	7.738258	7.858272
174.989416	10.771753	10.711240
178.561155	9.847466	6.258374
181.702238	8.010232	4.196924
181.504421	4.302167	4.189947
182.378359	4.421296	3.082482
181.636799	4.610795	1.308068
183.155915	3.030016	-0.328742
186.542181	2.826922	-4.909144
185.767006	-0.276283	-7.276322
185.123076	-0.713440	-4.954661
180.712503	-0.052458	-1.164643
182.467032	-0.853365	0.283280
178.450915	0.000000	3.692174
173.747392	3.229714	7.953892
171.003356	8.508413	11.730911
171.235883	12.224246	10.120932
176.114353	10.416216	3.380330
177.617693	6.888683	1.385046
171.487516	7.576155	6.673878
176.046818	4.231851	4.901930
177.859736	4.494977	0.171362
175.705073	3.650054	-0.167866
175.409428	2.291241	-3.131505
178.935830	0.283268	-4.884398
174.237069	-0.626004	-1.192617
173.719702	-1.126156	-0.391684
177.148979	-0.895334	-1.682422
176.825961	0.279777	-0.671478
173.586388	1.440969	1.843305
171.771308	2.928367	4.305512
170.125749	1.056202	2.882875
171.793363	2.280688	2.280688
172.134197	1.745393	0.465138
171.165217	0.839362	-0.447648
170.352502	1.129624	-0.846320
171.452903	2.564322	-1.059720
170.350455	4.614348	-2.193305
169.594160	3.068542	-1.367549
171.509883	1.472513	-1.199651
168.985964	3.488757	2.046234
163.839771	9.361782	10.476602
161.107277	10.967801	12.736724
161.300924	9.592109	5.738006
166.248244	6.652518	2.210744
163.950300	5.344287	3.138448
164.361324	3.586874	2.161723
163.789790	1.059698	0.835849
165.428040	0.832355	-0.552561
165.408582	2.725245	-1.168102
165.325085	1.633434	-3.436353
163.323623	-0.055955	-4.449397
163.347571	-1.077206	-2.784882
162.885657	-0.335730	-1.573925
164.100541	1.573939	-0.674976
166.420702	2.133817	-1.514486
163.229210	0.786883	0.111909
165.512084	0.000000	2.417245
162.040483	0.821880	3.769249
156.681824	1.521422	11.088484
155.205228	0.118902	12.617919
163.077703	0.671482	3.586996
160.454630	0.000000	0.171366
159.568142	0.052458	1.150657
158.527003	1.521488	0.325247
155.397328	3.779649	2.189741
152.905282	8.639095	7.286629
151.899523	11.916660	9.616849
151.421431	9.957856	6.832385
152.913496	9.209221	4.589717
151.808403	6.469628	4.631881
153.940063	5.281122	3.106960
154.667946	4.947634	1.336036
154.244690	4.140697	0.612008
152.616407	2.973870	-1.045691
145.603724	3.191100	-2.182783
153.036121	1.454994	-2.970458
150.869149	-0.863835	-1.496961
146.613828	-1.682422	-0.055956
149.775929	-1.353516	-2.200236
151.690967	-0.762387	-1.472436
150.779561	0.444131	0.444131
152.454411	2.039303	2.602818
148.525535	3.341746	7.498459
138.121684	7.960830	13.246332
143.262189	12.485631	11.934596
145.238873	11.548507	4.210794
144.426096	6.701998	1.290591
139.398034	-1.094653	0.601509
139.411510	-1.136627	0.510581
141.164171	-3.968888	-2.644749
140.928457	-5.477883	-4.842320
141.917663	-2.970497	0.171366
140.319112	-0.965270	3.292668
142.475347	-0.678457	2.151235
142.968512	0.000000	1.402468
142.511505	1.619395	0.108412
141.476254	5.871436	2.343721
138.661351	12.557265	9.400590
137.154470	15.822439	9.737617
136.574953	10.836156	3.184178
125.800499	5.407630	6.677182
127.596864	1.087713	0.916321
126.710808	0.055954	-3.611454
127.868167	-0.895334	-1.906356
125.833473	-2.098759	-0.793878
127.629462	-1.510961	-2.735842
127.053951	-1.119180	-1.287083
127.559898	-0.828848	0.884808
127.045851	-0.164371	-0.108415
126.671959	0.622520	-1.811870
124.838405	-0.349729	1.636946
126.077465	4.824878	5.516651
130.371504	14.474231	8.070067
130.502762	13.490344	5.709774
129.912115	6.874298	0.055954
123.667996	3.436203	-0.391677
127.603837	3.268139	0.842851
124.854534	1.343021	1.570408
122.600552	-0.612017	-1.951802
122.672676	-2.812966	-9.670441
117.049590	-5.822426	-8.398939
116.291920	-5.611529	-2.158301
114.849147	-4.158374	0.000000
111.718235	-3.271571	-0.171358
108.426764	-2.924856	-0.398674
101.423758	0.223814	2.952845
113.774525	6.121345	5.671314
116.304061	12.181406	3.093033
118.158595	13.048254	1.367494
113.024931	10.419451	3.986493
112.319118	4.982746	3.821739
106.603462	-0.912800	-0.398680
104.100105	-3.341634	-5.017770
105.590990	-0.426650	-0.370695
106.209255	1.024738	-0.811381
104.923316	1.661434	2.462833
105.847263	3.226187	12.371322
106.161964	3.313736	9.514196
103.178870	-0.605008	3.632416
103.774758	-2.000850	-3.951560
103.372594	-2.686822	-4.877466
101.883962	-2.522307	-4.263543
99.381823	-2.203797	-6.909773
99.232210	-1.913309	-5.077543
97.442064	-1.699876	-1.923807
98.823538	1.017723	0.000000
99.750739	1.587883	-0.468615
93.333624	-0.115408	-0.706454
92.837470	-0.688962	-0.286771
85.113258	-2.865319	1.458448
87.357274	-1.017759	5.042576
90.475087	2.998359	2.490700
90.750358	3.530782	-1.388474
90.507787	2.280761	-3.769176
90.057148	2.200261	-0.395183
93.334774	4.056577	-0.786882
90.094515	2.833799	-0.849824
87.027406	1.080683	-3.078973
85.627064	-0.629521	-3.037053
80.531247	-2.280744	-0.797376
80.570370	-0.909294	1.192611
81.289053	-1.091203	2.700864
80.287257	0.167868	0.111912
84.361460	2.042748	-2.781299
80.964668	1.140159	-2.112781
80.486273	0.286769	-2.126765
76.367428	-0.863850	-0.342731
73.952284	-1.416538	0.000000
74.174576	0.884846	-5.105785
78.800231	4.708901	-4.708901
80.044062	7.780559	-9.372122
80.634912	8.791675	-13.591685
73.978252	5.706390	-8.169162
72.849201	2.690263	-5.825720
72.362980	1.049196	0.881310
74.740578	2.693830	0.951280
69.785420	3.369628	2.651732
76.272249	2.721895	3.979588
74.241824	4.677355	-0.209828
67.322444	-0.622498	-1.979759
65.532526	-1.052717	-0.790393
71.506450	2.735778	12.854524
69.320489	1.409513	15.346700
64.650880	-1.010717	5.635931
64.530950	1.315031	1.601888
66.135947	3.516971	-0.919823
64.396241	3.600965	-1.426996
62.877382	1.276543	2.669245
64.399616	2.774347	2.774347
62.814337	1.437514	-0.636510
62.434496	5.773290	-1.524996
66.625564	12.135103	2.795423
61.575618	9.620474	2.259777
63.905671	8.151438	1.388520
59.974217	5.755661	-1.608947
60.652719	6.479887	-4.519402
63.573423	4.438889	-0.272783
60.970112	-1.119155	0.447638
57.831046	-6.342757	-2.704287
57.285871	-8.455228	-2.788309
59.501094	-7.047250	-0.951299
60.949908	-4.852872	1.049208
59.772276	-1.503912	0.346212
56.175490	0.339217	-1.367483
56.311604	1.710387	-0.055955
52.419247	0.968766	2.287766
50.260370	-0.622495	3.341619
45.813616	-0.220327	0.000000
43.583570	3.163142	-0.640014
46.234869	8.663810	2.585231
56.521359	17.960102	4.877368
46.090487	14.481623	0.594530
50.025801	10.960798	-0.111913
47.983674	6.729858	0.000000
43.834311	4.631782	-1.675377
41.204677	3.632506	0.451141
41.413979	1.748878	1.748878
42.506381	0.451139	0.622508
42.928923	1.755877	-0.790396
40.875078	0.909321	-2.105814
39.404423	0.615501	-3.996930
36.640229	0.437147	0.216823
40.286774	1.874778	5.411053
37.040294	2.452258	1.951793
37.227552	5.302380	6.290166
40.582479	7.829965	14.290127
35.804260	6.205593	7.188015
34.384371	4.487872	5.158196
30.181860	5.421699	-1.294061
30.973202	4.687866	-0.605012
37.135357	4.207428	-0.223822
33.482587	3.061574	-1.017761
32.798682	1.416538	0.000000
35.247036	1.654348	0.167860
33.761088	2.375222	-1.503932
31.653618	1.965785	-2.602776
20.634570	-0.451140	-1.409502
25.888151	-2.753317	-3.933888
22.447870	-0.975759	-6.853304
28.652521	2.935416	-2.445269
27.893719	6.811136	-1.196137
27.002837	8.695928	-3.502886
26.769028	5.980534	-3.110518
27.673018	3.593912	-1.472455
24.402524	2.557255	-3.184032
25.170042	3.124569	-1.531966
26.831726	2.791837	2.105764
21.936554	1.839780	1.839780
19.498668	1.052687	-0.108410
18.840684	0.772909	-1.049225
16.164882	0.328739	1.101688
12.536382	-0.709923	0.821839
4.431298	2.277233	-6.289980
6.533811	2.606304	-3.128040
18.632985	2.378713	11.612791
21.805116	1.923807	18.100173
11.186189	5.435919	5.260290
9.636948	7.184523	1.762854
14.022943	7.057497	1.745323
16.867365	5.098524	3.338135
11.444688	3.713077	0.681961
7.737041	2.214204	-4.035471
5.947171	1.391983	-4.519443
11.278943	-0.220327	-1.101698
7.040275	-2.840918	-2.004324
6.322820	-3.271727	-2.217824
3.184549	1.783863	-3.124552
3.593592	8.894064	0.968768
358.652925	12.952045	-5.309473
359.906216	11.128247	-4.561780
3.831781	3.793597	0.111906
3.721850	3.737743	-0.667995
2.567789	3.888292	0.619004
2.315447	2.343743	1.657880
2.211377	0.968733	1.024695
1.452042	0.111911	1.923829
358.621358	0.111912	1.794386
355.091157	-0.220325	1.283587
350.925657	1.024737	-2.161789
346.513659	2.777899	-4.558216
353.626512	5.621901	5.681643
357.778020	5.017967	14.463867
348.374160	3.324215	3.727158
349.241460	2.952847	1.909762
350.800611	2.504774	5.583326
351.435941	2.557314	4.775731
349.002185	2.497736	3.296107
352.341404	2.882854	3.282106
348.511483	3.005481	-1.643914
347.307051	2.753323	-4.273992
345.540825	2.578293	-4.600237
346.452103	0.779913	-1.955347
347.805813	-2.382292	-4.105750
347.523782	-3.695627	-3.530930
347.066497	-1.780295	-0.108409
345.141231	4.340627	1.734856
339.442892	12.370942	-3.653515
342.919199	9.372278	-5.095143
347.171651	6.092949	0.286764
346.272352	5.555378	-0.111913
342.703069	4.547699	-0.458144
340.787580	2.399739	0.947768
342.709518	1.329008	0.776375
337.947248	1.444507	0.052458
337.705060	0.563065	-0.734441
335.501010	0.276280	-1.115680
332.048272	-0.164372	-2.529343
329.728938	1.423529	-2.686876
333.393527	3.499397	3.671097
339.874376	5.892760	13.800306
338.880270	5.281369	16.037265
334.906358	4.537036	8.398706
333.083126	2.224772	2.284270
334.179462	2.350793	1.605435
332.525246	2.616853	0.055956
330.437738	2.018259	-1.846802
329.158071	1.997290	-0.776396
330.852485	-0.891837	-0.164371
329.245681	-1.108698	-3.166625
327.084011	-1.073712	-4.958262
326.576430	3.212155	0.384700
322.232890	12.958914	5.558771
322.419696	12.550092	1.524952
328.365517	4.242468	2.998459
328.563899	6.269012	2.844401
324.089949	5.390079	1.678878
323.100137	3.884747	-0.279768
325.737846	1.398969	0.111906
326.242036	0.220327	0.000000
326.060244	-1.315061	0.108413
325.973723	-0.335739	0.559570
328.954946	-0.653976	4.593144
331.489311	0.625994	13.152409
327.737523	3.793730	12.439086
323.534440	4.905704	4.326770
320.722628	5.903171	1.850325
320.957033	3.600859	-2.868799
321.677061	2.756855	-3.600985
324.710115	1.458469	0.951268
326.474025	-1.605399	4.828274
319.062502	-1.643885	-2.518757
315.100703	2.564317	-7.879565
311.135572	7.685391	-6.825179
305.040988	12.915613	-12.284924
309.616536	12.385158	-8.593165
321.953828	1.045733	0.405683
321.479571	-0.860336	1.024726
317.578909	0.769391	0.272777
317.948173	0.846363	1.465503
315.943802	0.849860	0.734440
313.112751	0.276286	-1.059734
312.308508	0.000000	-0.223824
312.059327	0.052458	2.126791
305.162765	3.506288	0.664465
304.418774	4.270520	-1.661396
307.719292	3.397722	9.826122
312.689420	3.075583	21.506092
306.994677	1.832833	11.673739
304.373955	4.691561	3.695662
305.738234	3.762197	-2.280779
306.918175	1.122688	-2.529331
314.577481	-3.716494	0.996715
311.557819	-3.636105	1.098210
306.242406	1.161114	-5.537518
299.581039	9.588615	-7.290381
289.495557	15.804347	-11.974097
294.409912	12.782722	-7.681615
303.333896	6.501127	-0.713434
302.473620	2.620357	-0.615529
299.274171	5.674645	-2.550259
301.037810	2.550238	-0.451132
301.178534	0.842859	1.182142
301.598946	1.178615	2.021759
303.978222	0.000000	1.535403
302.613352	-2.224776	0.000000
301.255356	-2.697338	-0.685468
298.257947	-0.283277	-1.259107
291.097229	1.409487	-1.636881
288.875424	2.592230	-2.536221
287.291396	3.373276	-4.726617
287.813323	3.380262	-4.509055
290.480229	3.131538	-2.963436
288.931487	3.036946	-3.261102
295.409557	-1.112146	0.832338
295.167614	-0.461627	5.910147
289.034922	2.284224	6.691201
288.801542	2.550303	7.304443
291.336213	3.026531	6.240941
289.163920	3.590532	1.252116
288.478607	3.366174	-2.039257
290.574078	2.812859	-0.825362
291.057881	0.328745	-1.049239
289.210534	0.783396	-1.063208
290.787952	0.220318	-1.507425
294.699654	-1.126177	-2.200291
290.677275	-1.399019	-3.976010
286.822322	6.082563	-4.144301
278.466757	12.328240	-5.137326
280.634309	12.443062	-8.720937
285.355885	6.627773	-7.290109
283.057447	4.277585	-5.081135
286.412006	3.657080	-2.438300
284.941019	3.324240	3.555475
288.201231	1.070229	5.702982
287.354784	0.395178	1.930777
284.492890	0.164366	-2.571268
280.933149	-1.388533	-2.403296
279.763923	-0.370703	-1.115669
275.612353	6.427335	2.473288
272.885695	9.070895	13.810565
275.601821	4.810814	16.663814
278.032782	0.150381	6.110763
279.697631	1.503983	4.631885
285.702955	3.909282	1.867777
277.520721	3.818249	-1.105178
277.910361	2.427723	0.108411
277.335330	0.437161	2.245814
278.309336	0.437145	-1.699851
274.147172	3.387340	-6.737288
270.917832	10.704121	-7.516025
268.238269	12.951998	-4.060229
275.994685	5.411306	-3.345280
277.799146	0.000000	-0.821852
278.616581	1.643869	1.094663
276.400643	2.277239	3.446764
275.186513	1.626390	0.000000
273.242223	2.476801	-3.096545
270.222651	2.914376	-2.858351
271.888541	1.727863	-0.108412
282.099717	1.850294	2.914351
273.590948	-0.342715	-0.514076
275.936536	-0.171364	-2.466300
275.587352	-0.328738	0.657487
273.646917	3.015993	3.877875
265.065555	7.713539	14.821352
262.050293	8.331568	27.598275
269.152851	4.424776	16.240471
269.514640	3.842849	0.353223
271.056337	3.380282	3.832321
272.176180	2.529284	1.839834
270.052435	1.587949	-2.270301
271.613933	1.776850	-3.667543
272.466311	1.384987	0.000000
278.054872	-1.608951	1.496997
271.770409	-3.622037	1.000256
266.050797	-1.378029	-7.643045
263.903460	5.327031	-13.282404
260.139796	10.537137	-6.871119
276.719027	12.869389	-10.850241
264.363911	8.766895	-15.760946
267.273539	2.501328	-10.245500
260.979961	2.725309	-1.269570
267.351704	1.021219	0.000000
265.931764	0.398674	3.250557
265.936817	0.111908	3.387195
265.049758	0.619001	0.846332
261.820834	1.570453	0.111911
261.902090	1.549462	-0.276282
260.534937	2.935406	-2.280754
261.567699	4.431894	-0.951287
266.452297	1.927340	-1.077212
261.699005	0.986284	8.972195
258.043445	1.332536	18.236257
264.176142	4.105798	14.510877
260.029341	1.846780	-1.465438
258.235763	1.360511	0.905794
258.353852	3.926892	0.111909
257.429208	2.424306	-0.451148
258.123196	2.035773	0.279774
263.065812	-1.811811	0.451133
262.255991	-4.028521	0.678460
257.503984	-1.049223	-3.979533
255.229164	3.113926	-0.545551
250.103407	9.687741	0.870824
249.551146	13.991162	-0.241310
249.898652	9.840321	2.476752
249.294419	8.031226	1.077182
253.924300	4.260000	0.227318
254.054295	1.633378	0.111908
255.900279	0.727437	0.055955
254.068100	0.223824	0.111912
254.965043	-0.052456	-1.059681
255.935337	-1.671867	-3.562376
254.703586	-0.996741	-1.419993
248.103832	3.663985	9.287008
242.630423	6.712705	19.467773
243.918482	4.046076	15.607788
250.066100	4.189806	5.927725
248.407069	5.541296	1.339572
250.603959	6.427176	1.049193
248.102475	4.572248	0.000000
249.735674	2.973873	-1.374493
248.608172	2.161767	-1.385016
246.285171	0.559545	0.055954
245.446284	-4.298662	3.222671
244.523234	-3.208568	-1.773341
244.327119	8.968214	-15.818312
242.527126	13.141731	-15.179638
234.003546	14.749078	-8.278616
238.694935	5.579943	-2.784911
243.962231	3.418711	-4.800159
242.714853	5.485066	-3.100075
244.256815	3.043946	2.322739
243.747887	1.129637	2.942356
243.346352	0.227317	1.822339
244.476140	-0.510584	-0.227312
240.291866	-0.793895	-0.510601
238.312078	-0.055956	-0.227321
237.120843	0.000000	-0.227321
235.301962	0.171362	-1.325547
234.967126	0.626013	-1.710390
234.309496	1.196104	-2.109244
234.111138	1.587914	-1.815330
235.343791	-0.223820	-0.727432
234.185207	-0.164368	0.332236
233.767590	-0.863811	0.111907
232.714616	-4.845918	-0.825371
230.130487	-2.704348	-0.111911
231.694180	-0.615503	-1.063181
232.453582	0.842850	-2.252763
231.537190	4.561761	-2.536349
229.649900	2.907353	-1.024710
229.811536	0.111913	1.549478
228.070566	-1.143643	6.374453
225.452615	-0.905824	7.734893
226.927751	0.741433	4.856470
227.889575	0.000000	-0.055956
230.667187	1.685879	-8.292735
233.896392	1.983264	-14.495844
228.438505	-1.175103	-0.409163
225.661278	-1.031715	7.833516
221.286182	-1.080721	12.067170
225.811641	-1.161124	7.395950
228.551875	-1.038724	-5.091621
230.601125	1.416531	-9.205855
227.246040	3.608010	-3.394281
225.070272	1.468959	-1.580907
224.903359	-1.976314	-2.151287
226.081905	-4.621197	1.479443
225.664300	-5.882103	0.230815
226.708103	-3.198165	-4.172432
227.139212	-3.551844	-6.110542
220.765757	1.479498	-2.161809
219.796985	5.846978	0.171363
216.612606	8.936474	1.017729
215.627324	4.266895	7.469944
239.917437	-1.801369	2.907445
222.436935	-2.833794	-2.266702
223.827223	-1.112197	-6.300758
221.899302	-0.895324	-4.874002
218.590820	-1.538965	0.339233
219.247667	-1.867809	1.986780
214.536308	-1.864271	5.073893
208.981476	-0.171362	7.477210
214.596656	-0.521077	1.105157
218.813110	0.563059	-7.720687
219.140994	0.814875	-9.219883
219.506074	0.549053	-6.522181
214.110170	0.167866	-1.927320
214.428015	-1.042201	6.849692
212.237086	-0.930313	2.676380
216.492520	-2.634228	-3.667442
212.144218	-0.279781	-1.402537
208.499032	4.249562	-0.111912
207.937521	6.691264	-1.084182
209.360786	4.196924	-1.584445
205.044390	2.284267	1.598421
206.735933	0.111907	3.944337
208.017958	-1.661409	0.744927
211.904061	0.055956	-6.339416
206.905679	2.301711	-1.853786
205.522950	-0.055956	1.563464
203.206786	-1.654384	3.783172
202.263979	-2.151313	5.646701
198.906078	-0.115405	5.509451
203.518407	0.000000	-1.902861
207.693773	0.276286	-10.565607
206.586962	1.252054	-10.472515
203.510454	0.384703	-4.807389
199.734553	-1.231130	4.116317
198.372458	-1.580971	5.688925
196.551406	-1.049231	2.858432
197.510584	-0.685473	0.111911
202.460138	-0.563040	-3.106933
198.634174	1.969267	-2.760297
200.778204	2.889846	-1.245072
196.867213	4.330210	-1.934343
196.623044	3.345097	-0.111906
196.168837	1.885321	2.574792
195.833811	-1.734836	0.692447
195.013571	-3.036939	0.800871
195.259473	-1.542447	-1.944811
198.780210	-0.167860	-5.692126
194.267239	2.756794	-1.377998
193.268064	0.849862	-1.930846
192.927253	-0.573561	-0.286777
194.435919	-1.091174	1.206603
190.386055	-1.276582	4.996831
188.677485	-1.147130	5.003733
192.176201	0.688949	0.458127
194.491893	0.622499	-3.453744
196.087011	0.954756	-6.187921
194.754936	1.668392	-5.572799
188.554764	0.115407	1.832836
187.930686	-2.686799	5.853924
185.618810	-2.196791	6.494241
187.430531	-1.150615	0.804354
189.760716	0.566546	-4.558080
191.149169	0.895339	-7.413910
183.177370	-0.853340	1.367522
183.367129	-1.563387	-2.956341
186.833297	0.055953	-4.863252
183.933669	3.488803	-2.025265
183.157009	6.399075	-1.343025
180.758892	3.110568	0.902324
179.494293	-1.692864	0.758903
183.245314	-4.267047	0.584045
181.524461	-3.951475	-0.972269
180.597772	-1.014233	-2.823361
179.278227	0.622500	-3.565870
178.975830	1.308081	-2.676361
177.656063	1.997303	-0.398684
178.212563	1.514476	-1.339560
171.558742	-1.304537	4.316025
169.788335	-0.685476	5.334005
175.431238	0.000000	-0.349723
175.022891	-0.454651	-4.923230
173.894113	1.108705	-6.005314
171.879280	1.360553	-2.725375
170.454315	0.867310	0.000000
165.952266	-0.692466	3.527425
162.899970	-1.038708	6.202047
170.666519	-0.986242	-2.844342
171.180203	-0.615502	-6.135143
163.815626	1.983297	-0.493109
164.366375	2.340230	0.000000
166.166911	2.053219	-1.171600
161.946257	-1.168163	0.524595
163.794133	-2.588784	-1.381515
164.682776	-2.039315	-3.397800
163.728855	3.401327	-1.699914
159.360465	3.982955	-0.111909
159.680751	3.163150	1.262621
158.345736	-0.055955	0.975763
157.279677	-2.193282	2.308779
157.305181	-4.161701	0.807855
156.380582	-0.223823	-2.536322
157.584312	2.847903	-4.695013
156.779374	3.590452	-6.240804
156.211313	2.273725	-4.894927
152.003426	1.269611	-0.055956
147.503822	-0.115404	4.898386
144.455578	-0.115409	2.690374
151.541705	1.423473	-4.849294
149.892121	0.884848	-6.269142
145.973107	1.619420	-3.786727
145.400791	2.151219	-0.328729
146.646842	1.668420	0.688973
142.232673	0.660989	4.870492
142.153532	0.115408	-0.293768
144.450978	-0.629495	-5.509464
146.565803	-1.091163	-8.327928
145.385579	-0.209831	-6.860366
143.958559	0.000000	-5.860920
138.688905	0.947767	4.449332
136.246149	0.842834	4.102117
141.077396	1.353570	-0.412682
140.281174	2.168709	-2.112716
136.592797	-1.063195	2.074264
136.330814	-2.263214	-0.055954
138.077147	-1.472445	0.734413
137.468780	-1.343044	-2.522288
139.229613	-0.730938	-6.878048
133.989292	3.352194	-5.460338
131.787132	3.170088	-4.207425
126.586621	0.465127	0.000000
126.294222	-0.055953	5.836208
124.250381	0.632998	8.607365
126.603529	-0.115408	-0.286773
129.199085	1.066672	-6.075322
129.958034	1.521440	-9.833233
124.033847	1.458514	-5.583461
125.714687	1.913250	1.238057
122.197297	2.329746	1.790834
123.574018	0.171365	-0.115409
120.409546	-3.534327	-3.134979
118.510409	-6.652759	-4.916199
117.821841	-3.797237	-3.058001
119.051791	-1.783855	-4.267018
116.609694	-0.573546	-4.133749
113.262739	1.678914	1.119187
114.299923	1.594889	-0.398674
115.451614	1.496975	-2.070798
114.056305	0.402179	-0.111910
101.245770	0.692468	8.013772
110.675776	0.591040	-1.598436
111.068254	0.223818	-11.099290
112.422432	0.916278	-12.227523
Calibration score: M25.00Q8H9V3
Passed Calibration
Calibration duration = 105 seconds
M25.00 = Magnetic influence is acceptable
Q8 = Magnetic field is uniform
H9 = Complete horizontal rotation
V3 = Low pitch/roll
Recommendation(s):
Measurements should be made with low pitch/roll OR repeat calibration with more pitch/roll.
Avoid any changes to the instrument setup or its orientation to the magnetic influences detected during the compass calibration.
Measurements should be made in locations with similar magnetic influences as the location of the compass calibration.