Etapa	Vertical	Hora	Trajeto	DMG	Profundidade	Nº de Pings	Nº de Células	Satélites	Qual. do sinal GPS	Vel. Abs. Média	Vel. Barco	Vaz. Esquerda	Vaz. Direita	Vaz. Total	Vaz. Corrigida pelo Loop	
			m	m	m					m/s	m/s	m3/s	m3/s	m3/s	m3/s	
Margem Inicial (1)	1	11:45:10	0,01	0,01	0,81	9	27	9	1	0,028	0,008	0,00	0,00	0,000	--	
Margem Inicial (2)	2	11:45:11	0,02	0,02	0,97	10	29	9	1	0,026	0,011	0,00	0,00	0,000	--	
Margem Inicial (3)	3	11:45:12	0,03	0,02	0,92	10	29	9	1	0,034	0,006	0,00	0,00	0,000	--	
Margem Inicial (4)	4	11:45:13	0,07	0,02	0,93	10	25	9	1	0,080	0,039	0,00	0,00	0,000	--	
Margem Inicial (5)	5	11:45:14	0,12	0,04	0,96	10	24	9	1	0,013	0,052	0,00	0,00	0,000	--	
Margem Inicial (6)	6	11:45:15	0,15	0,03	0,94	10	22	9	1	0,073	0,036	0,00	0,00	0,000	--	
Margem Inicial (7)	7	11:45:16	0,24	0,07	0,85	10	23	9	1	0,065	0,085	0,00	0,00	0,000	--	
Margem Inicial (8)	8	11:45:17	0,25	0,07	0,89	10	25	9	1	0,041	0,016	0,00	0,00	0,000	--	
Margem Inicial (9)	9	11:45:18	0,30	0,12	0,86	10	25	9	1	0,036	0,050	0,00	0,00	0,000	--	
Margem Inicial (10)	10	11:45:19	0,39	0,05	0,75	10	20	9	1	0,093	0,089	0,00	0,00	0,000	--	
Margem Inicial (11)	11	11:45:20	0,44	0,04	0,74	10	19	9	1	0,048	0,043	0,00	0,00	0,000	--	
Margem Inicial (12)	12	11:45:21	0,47	0,07	0,93	10	19	9	1	0,032	0,031	0,00	0,00	0,000	--	
Margem Inicial (13)	13	11:45:22	0,48	0,05	0,92	10	21	9	1	0,015	0,016	0,00	0,00	0,000	--	
Margem Inicial (14)	14	11:45:23	0,51	0,04	0,93	10	21	9	1	0,024	0,027	0,00	0,00	0,000	--	
Margem Inicial (15)	15	11:45:24	0,61	0,12	0,93	10	19	9	1	0,101	0,103	0,00	0,00	0,000	--	
Margem Inicial (16)	16	11:45:25	0,64	0,14	0,95	10	20	9	1	0,029	0,023	0,00	0,00	0,000	--	
Margem Inicial (17)	17	11:45:26	0,66	0,16	0,92	10	22	9	1	0,034	0,026	0,00	0,00	0,000	--	
Em Trânsito	18	11:45:27	0,07	0,07	0,92	10	24	9	1	0,073	0,071	0,00	0,02	0,021	--	
Em Trânsito	19	11:45:28	0,12	0,12	0,94	10	22	9	1	0,038	0,045	0,00	0,02	0,023	--	
Em Trânsito	20	11:45:29	0,23	0,23	0,93	10	26	9	1	0,090	0,110	0,00	0,02	0,023	--	
Em Trânsito	21	11:45:30	0,29	0,27	0,91	10	30	9	1	0,001	0,068	0,00	0,03	0,030	--	
Em Trânsito	22	11:45:31	0,69	0,66	0,91	10	32	9	1	0,030	0,400	0,00	0,03	0,036	--	
Em Trânsito	23	11:45:32	1,21	1,17	1,08	7	38	9	1	0,011	0,511	0,00	0,03	0,032	--	
Em Trânsito	24	11:45:33	1,77	1,73	1,18	11	7	9	1	0,089	0,569	0,00	0,03	-0,029	--	
Em Trânsito	25	11:45:34	2,16	2,11	1,27	7	46	9	1	0,105	0,384	0,00	0,03	-0,078	--	
Em Trânsito	26	11:45:35	2,52	2,44	1,41	7	50	9	1	0,128	0,362	0,00	0,03	-0,141	--	
Em Trânsito	27	11:45:36	3,01	2,92	1,45	7	55	9	1	0,236	0,490	0,00	0,03	-0,090	--	
Em Trânsito	28	11:45:37	3,58	3,50	1,52	7	58	9	1	0,070	0,574	0,00	0,03	-0,141	--	
Em Trânsito	29	11:45:38	4,08	3,99	1,58	7	61	9	1	0,097	0,492	0,00	0,03	-0,216	--	
Em Trânsito	30	11:45:39	4,50	4,40	1,60	7	62	9	1	0,038	0,418	0,00	0,03	-0,223	--	
Em Trânsito	31	11:45:40	4,94	4,82	1,62	7	64	9	1	0,014	0,442	0,00	0,03	-0,229	--	
Em Trânsito	32	11:45:41	5,81	5,45	1,65	11	12	9	1	0,260	0,877	0,00	0,04	-0,518	--	
Em Trânsito	33	11:45:42	6,98	6,16	1,68	7	20	9	1	0,165	1,170	0,00	0,04	-0,627	--	
Em Trânsito	34	11:45:43	8,20	7,20	1,73	7	21	9	1	0,061	1,215	0,00	0,04	-0,727	--	
Em Trânsito	35	11:45:44	9,43	8,40	1,77	7	22	9	1	0,042	1,226	0,00	0,04	-0,740	--	
Em Trânsito	36	11:45:45	10,65	9,62	1,83	7	23	10	1	0,114	1,223	0,00	0,04	-0,571	--	
Em Trânsito	37	11:45:46	12,05	11,02	1,88	7	23	10	1	0,129	1,403	0,00	0,04	-0,432	--	
Em Trânsito	38	11:45:47	13,51	12,48	1,97	7	25	10	1	0,058	1,453	0,00	0,04	-0,421	--	
Em Trânsito	39	11:45:48	15,07	14,04	2,10	7	26	10	1	0,061	1,568	0,00	0,04	-0,304	--	
Em Trânsito	40	11:45:49	16,53	15,50	2,29	23	17	10	1	0,100	1,460	0,00	0,04	-0,013	--	
Em Trânsito	41	11:45:50	18,04	16,99	2,52	25	19	10	1	0,114	1,505	0,00	0,04	0,384	--	
Em Trânsito	42	11:45:51	19,44	18,39	2,78	27	21	10	1	0,202	1,403	0,00	0,04	1,056	--	
Em Trânsito	43	11:45:52	20,94	19,87	3,18	26	11	10	1	0,285	1,494	0,00	0,04	2,331	--	
Em Trânsito	44	11:45:53	22,50	21,43	3,67	26	13	10	1	0,258	1,566	0,00	0,04	3,805	--	
Em Trânsito	45	11:45:54	24,07	23,00	4,15	26	15	10	1	0,272	1,570	0,00	0,04	5,259	--	
Em Trânsito	46	11:45:55	25,56	24,44	4,62	26	17	10	1	0,491	1,488	0,00	0,04	8,516	--	
Em Trânsito	47	11:45:56	27,05	25,90	5,07	25	19	10	1	0,417	1,491	0,00	0,04	11,628	--	
Em Trânsito	48	11:45:57	28,58	27,40	5,61	26	20	10	1	0,419	1,532	0,00	0,04	15,196	--	
Em Trânsito	49	11:45:58	30,00	28,78	5,98	25	11	10	1	0,421	1,419	0,00	0,04	18,766	--	
Em Trânsito	50	11:45:59	31,48	30,22	6,51	26	12	10	1	0,388	1,482	0,00	0,04	22,503	--	
Em Trânsito	51	11:46:00	32,98	31,65	7,06	11	10	10	1	0,447	1,500	0,00	0,04	27,238	--	
Em Trânsito	52	11:46:01	34,50	33,08	7,59	11	9	10	1	0,594	1,521	0,00	0,04	34,095	--	
Em Trânsito	53	11:46:02	35,97	34,47	7,90	9	11	10	1	0,574	1,461	0,00	0,04	40,721	--	
Em Trânsito	54	11:46:03	37,46	35,88	8,30	11	12	10	1	0,524	1,490	0,00	0,04	47,198	--	
Em Trânsito	55	11:46:04	38,97	37,29	8,64	11	13	10	1	0,558	1,516	0,00	0,04	54,370	--	
Em Trânsito	56	11:46:05	40,51	38,72	8,88	9	13	10	1	0,473	1,541	0,00	0,04	60,840	--	
Em Trânsito	57	11:46:06	41,97	40,08	9,03	11	14	10	1	0,577	1,455	0,00	0,04	68,066	--	
Em Trânsito	58	11:46:07	43,39	41,38	9,22	11	14	10	1	0,550	1,423	0,00	0,04	75,168	--	
Em Trânsito	59	11:46:08	44,81	42,68	9,34	11	14	10	1	0,590	1,418	0,00	0,04	82,845	--	
Em Trânsito	60	11:46:09	46,20	43,98	9,43	11	15	10	1	0,665	1,396	0,00	0,04	91,291	--	
Em Trânsito	61	11:46:10	47,57	45,26	9,54	11	15	10	1	0,621	1,366	0,00	0,04	99,322	--	
Em Trânsito	62	11:46:11	49,03	46,61	9,63	11	15	10	1	0,666	1,458	0,00	0,04	108,457	--	
Em Trânsito	63	11:46:12	50,51	48,01	9,78	11	15	10	1	0,569	1,485	0,00	0,04	116,463	--	
Em Trânsito	64	11:46:13	52,03	49,47	9,88	11	15	10	1	0,589	1,521	0,00	0,04	125,220	--	
Em Trânsito	65	11:46:14	53,62	51,00	9,94	11	15	10	1	0,641	1,586	0,00	0,03	134,944	--	
Em Trânsito	66	11:46:15	55,23	52,56	9,99	11	15	10	1	0,678	1,608	0,00	0,03	145,093	--	
Em Trânsito	67	11:46:16	56,80	54,07	10,08	11	16	10	1	0,711	1,567	0,00	0,03	156,005	--	
Em Trânsito	68	11:46:17	58,35	55,57	10,18	11	16	10	1	0,646	1,552	0,00	0,03	166,108	--	
Em Trânsito	69	11:46:18	59,98	57,16	10,27	11	16	10	1	0,573	1,637	0,00	0,03	175,484	--	
Em Trânsito	70	11:46:19	61,59	58,74	10,31	10	16	10	1	0,678	1,609	0,00	0,03	186,420	--	
Em Trânsito	71	11:46:20	63,20	60,33	10,33	11	16	10	1	0,597	1,607	0,00	0,03	196,278	--	
Em Trânsito	72	11:46:21	64,76	61,87	10,30	11	16	9	1	0,690	1,558	0,00	0,03	207,306	--	
Em Trânsito	73	11:46:22	66,34	63,45	10,27	11	16	9	1	0,740	1,582	0,00	0,03	219,251	--	
Em Trânsito	74	11:46:23	67,94	65,05	10,34	11	16	10	1	0,682	1,602	0,00	0,03	230,556	--	
Em Trânsito	75	11:46:24	69,59	66,69	10,45	11	16	10	1	0,709	1,643	0,00	0,03	242,558	--	
Em Trânsito	76	11:46:25	71,25	68,36	10,55	10	16	10	1	0,617	1,668	0,00	0,03	253,383	--	
Em Trânsito	77	11:46:26	72,84	69,94	10,60	7	7	10	1	0,719	1,582	0,00	0,03	265,376	--	
Em Trânsito	78	11:46:27	74,42	71,52	10,55	11	16	10	1	0,661	1,583	0,00	0,03	276,385	--	
Em Trânsito	79	11:46:28	75,94	73,04	10,54	10	16	10	1	0,709	1,520	0,00	0,03	287,579	--	
Em Trânsito	80	11:46:29	77,45	74,56	10,54	11	16	10	1	0,687	1,516	0,00	0,03	298,557	--	
Em Trânsito	81	11:46:30	78,96	76,07	10,58	11	17	10	1	0,661	1,510	0,00	0,03	309,085	--	
Em Trânsito	82	11:46:31	80,50	77,60	10,57	7	8	10	1	0,700	1,534	0,00	0,03	320,402	--	
Em Trânsito	83	11:46:32	82,04	79,15	10,63	7	8	10	1	0,670	1,546	0,00	0,03	331,327	--	
Em Trânsito	84	11:46:33	83,59	80,69	10,68	7	8	9	1	0,685	1,544	0,00	0,03	342,570	--	
Em Trânsito	85	11:46:34	85,14	82,24	10,73	7	8	9	1	0,686	1,549	0,00	0,03	353,957	--	
Em Trânsito	86	11:46:35	86,70	83,80	10,73	7	8	9	1	0,651	1,566	0,00	0,03	364,832	--	
Em Trânsito	87	11:46:36	88,28	85,37	10,69	7	8	9	1	0,691	1,573	0,00	0,03	376,424	--	
Em Trânsito	88	11:46:37	89,79	86,88	10,75	7	8	9	1	0,824	1,517	0,00	0,03	389,674	--	
Em Trânsito	89	11:46:38	91,29	88,38	10,86	7	8	9	1	0,760	1,494	0,00	0,03	401,982	--	
Em Trânsito	90	11:46:39	92,78	89,86	10,93	7	8	9	1	0,712	1,487	0,00	0,03	413,397	--	
Em Trânsito	91	11:46:40	94,24	91,32	10,97	7	8	9	1	0,731	1,467	0,00	0,03	425,093	--	
Em Trânsito	92	11:46:41	95,72	92,79	11,04	7	8	9	1	0,652	1,480	0,00	0,03	435,525	--	
Em Trânsito	93	11:46:42	97,23	94,29	11,05	7	8	9	1	0,798	1,511	0,00	0,03	448,626	--	
Em Trânsito	94	11:46:43	98,68	95,72	10,92	7	8	9	1	0,697	1,450	0,00	0,03	459,506	--	
Em Trânsito	95	11:46:44	100,16	97,19	10,79	7	8	9	1	0,716	1,482	0,00	0,03	470,810	--	
Em Trânsito	96	11:46:45	101,66	98,67	10,70	7	7	9	1	0,748	1,491	0,00	0,03	482,585	--	
Em Trânsito	97	11:46:46	103,12	100,12	10,61	7	7	9	1	0,688	1,462	0,00	0,03	493,196	--	
Em Trânsito	98	11:46:47	104,57	101,55	10,63	8	17	9	1	0,717	1,449	0,00	0,03	503,744	--	
Em Trânsito	99	11:46:48	106,05	103,03	10,68	7	8	9	1	0,808	1,486	0,00	0,03	516,329	--	
Em Trânsito	100	11:46:49	107,52	104,48	10,63	7	8	9	1	0,717	1,471	0,00	0,03	527,149	--	
Em Trânsito	101	11:46:50	108,98	105,92	10,67	7	8	9	1	0,682	1,460	0,00	0,03	537,501	--	
Em Trânsito	102	11:46:51	110,45	107,36	10,88	7	8	9	1	0,665	1,471	0,00	0,03	547,943	--	
Em Trânsito	103	11:46:52	111,93	108,82	11,05	7	8	9	1	0,687	1,475	0,00	0,03	558,935	--	
Em Trânsito	104	11:46:53	113,40	110,28	11,04	7	8	9	1	0,761	1,467	0,00	0,03	571,153	--	
Em Trânsito	105	11:46:54	114,90	111,77	11,19	7	8	9	1	0,749	1,505	0,00	0,03	583,666	--	
Em Trânsito	106	11:46:55	116,43	113,30	11,39	7	8	9	1	0,765	1,532	0,00	0,03	597,005	--	
Em Trânsito	107	11:46:56	117,98	114,82	11,39	7	8	9	1	0,693	1,546	0,00	0,03	609,182	--	
Em Trânsito	108	11:46:57	119,48	116,32	11,37	7	8	9	1	0,726	1,504	0,00	0,03	621,591	--	
Em Trânsito	109	11:46:58	121,02	117,86	11,18	7	8	9	1	0,654	1,542	0,00	0,03	632,824	--	
Em Trânsito	110	11:46:59	122,56	119,40	11,09	7	8	9	1	0,769	1,541	0,00	0,03	645,968	--	
Em Trânsito	111	11:47:00	124,18	121,02	10,96	7	8	9	1	0,758	1,619	0,00	0,03	659,404	--	
Em Trânsito	112	11:47:01	125,74	122,58	10,77	7	8	9	1	0,808	1,556	0,00	0,03	672,944	--	
Em Trânsito	113	11:47:02	127,28	124,12	10,65	7	8	9	1	0,717	1,543	0,00	0,03	684,705	--	
Em Trânsito	114	11:47:03	128,82	125,66	10,74	7	8	9	1	0,769	1,535	0,00	0,03	697,350	--	
Em Trânsito	115	11:47:04	130,34	127,16	10,70	7	7	9	1	0,875	1,522	0,00	0,03	711,569	--	
Em Trânsito	116	11:47:05	131,90	128,72	10,64	7	8	9	1	0,683	1,563	0,00	0,03	722,905	--	
Em Trânsito	117	11:47:06	133,39	130,20	10,65	7	8	9	1	0,741	1,488	0,00	0,03	734,608	--	
Em Trânsito	118	11:47:07	134,93	131,74	10,52	7	8	9	1	0,730	1,537	0,00	0,03	746,411	--	
Em Trânsito	119	11:47:08	136,42	133,23	10,52	7	8	9	1	0,760	1,494	0,00	0,03	758,353	--	
Em Trânsito	120	11:47:09	137,94	134,75	10,78	7	7	9	1	0,795	1,523	0,00	0,03	771,393	--	
Em Trânsito	121	11:47:10	139,47	136,26	10,89	7	7	9	1	0,730	1,526	0,00	0,03	783,284	--	
Em Trânsito	122	11:47:11	140,99	137,77	10,59	7	7	9	1	0,788	1,515	0,00	0,03	795,838	--	
Em Trânsito	123	11:47:12	142,57	139,36	10,14	8	15	9	1	0,720	1,585	0,00	0,03	807,030	--	
Em Trânsito	124	11:47:13	144,07	140,86	9,76	11	14	9	1	0,749	1,504	0,00	0,03	818,021	--	
Em Trânsito	125	11:47:14	145,60	142,39	9,43	10	14	9	1	0,638	1,527	0,00	0,03	827,204	--	
Em Trânsito	126	11:47:15	147,10	143,89	8,92	11	13	9	1	0,581	1,500	0,00	0,03	834,953	--	
Em Trânsito	127	11:47:16	148,50	145,28	8,57	11	12	9	1	0,499	1,395	0,00	0,03	840,868	--	
Em Trânsito	128	11:47:17	149,88	146,67	8,09	11	11	9	1	0,670	1,387	0,00	0,03	848,386	--	
Em Trânsito	129	11:47:18	151,26	148,04	7,72	11	10	9	1	0,612	1,377	0,00	0,03	854,874	--	
Em Trânsito	130	11:47:19	152,63	149,40	7,26	11	9	9	1	0,498	1,369	0,00	0,03	859,798	--	
Em Trânsito	131	11:47:20	153,91	150,67	6,41	11	8	9	1	0,525	1,279	0,00	0,03	864,060	--	
Em Trânsito	132	11:47:21	155,13	151,89	5,92	10	8	9	1	0,508	1,219	0,00	0,03	867,721	--	
Em Trânsito	133	11:47:22	156,36	153,12	5,51	11	7	9	1	0,642	1,234	0,00	0,03	872,074	--	
Em Trânsito	134	11:47:23	157,54	154,30	5,17	11	6	9	1	0,516	1,181	0,00	0,03	875,193	--	
Em Trânsito	135	11:47:24	158,72	155,48	4,79	11	6	9	1	0,696	1,182	0,00	0,03	878,858	--	
Em Trânsito	136	11:47:25	159,89	156,64	4,47	24	7	9	1	0,558	1,165	0,00	0,03	881,608	--	
Em Trânsito	137	11:47:26	161,07	157,82	4,13	25	6	9	1	0,522	1,180	0,00	0,03	884,145	--	
Em Trânsito	138	11:47:27	162,22	158,95	3,77	26	13	9	1	0,456	1,152	0,00	0,03	886,126	--	
Em Trânsito	139	11:47:28	163,38	160,09	3,56	26	13	9	1	0,478	1,163	0,00	0,03	888,102	--	
Em Trânsito	140	11:47:29	164,51	161,21	3,40	26	11	9	1	0,414	1,128	0,00	0,03	889,687	--	
Em Trânsito	141	11:47:30	165,64	162,33	3,14	26	9	9	1	0,387	1,133	0,00	0,03	891,064	--	
Em Trânsito	142	11:47:31	166,75	163,43	2,63	27	8	9	1	0,351	1,101	0,00	0,03	892,075	--	
Em Trânsito	143	11:47:32	167,83	164,51	2,40	26	8	9	1	0,321	1,084	0,00	0,03	892,911	--	
Em Trânsito	144	11:47:33	168,85	165,52	2,22	27	7	9	1	0,232	1,023	0,00	0,03	893,436	--	
Em Trânsito	145	11:47:34	169,86	166,49	2,03	26	6	9	1	0,250	1,003	0,00	0,03	893,946	--	
Em Trânsito	146	11:47:35	170,84	167,43	1,91	27	13	9	1	0,123	0,980	0,00	0,03	894,175	--	
Em Trânsito	147	11:47:36	171,78	168,36	1,82	28	12	9	1	0,197	0,945	0,00	0,03	894,512	--	
Em Trânsito	148	11:47:37	172,59	169,16	1,72	27	11	9	1	0,187	0,813	0,00	0,03	894,729	--	
Em Trânsito	149	11:47:38	173,23	169,79	1,59	28	7	9	1	0,164	0,633	0,00	0,03	894,893	--	
Em Trânsito	150	11:47:39	173,59	170,11	1,51	28	9	9	1	0,244	0,359	0,00	0,03	895,009	--	
Em Trânsito	151	11:47:40	173,69	170,02	1,51	9	13	9	1	0,071	0,100	0,00	0,03	895,003	--	
Em Trânsito	152	11:47:41	173,92	169,90	1,53	9	9	9	1	0,130	0,237	0,00	0,03	894,964	--	
Em Trânsito	153	11:47:42	174,02	169,82	1,54	9	17	9	1	0,059	0,094	0,00	0,03	894,967	--	
Em Trânsito	154	11:47:43	174,20	169,77	1,54	9	44	9	1	0,094	0,179	0,00	0,03	894,950	--	
Em Trânsito	155	11:47:44	174,36	169,73	1,50	10	37	9	1	0,108	0,167	0,00	0,03	894,935	--	
Margem Final (1)	156	11:47:45	174,55	169,72	1,47	9	33	9	1	0,137	0,181	0,42	0,03	895,351	--	
Margem Final (2)	157	11:47:46	174,68	169,69	1,56	9	55	9	1	0,102	0,139	0,36	0,03	895,294	--	
Margem Final (3)	158	11:47:47	174,78	169,66	1,57	8	56	9	1	0,121	0,091	0,37	0,03	895,305	--	
Margem Final (4)	159	11:47:48	174,82	169,63	1,57	9	55	9	1	0,094	0,046	0,35	0,03	895,288	--	
Margem Final (5)	160	11:47:49	174,83	169,63	1,57	9	51	9	1	0,132	0,008	0,36	0,03	895,300	--	
Margem Final (6)	161	11:47:50	174,88	169,62	1,57	9	48	9	1	0,132	0,049	0,38	0,03	895,311	--	
Margem Final (7)	162	11:47:51	174,99	169,59	1,58	9	57	9	1	0,043	0,112	0,32	0,03	895,257	--	
Margem Final (8)	163	11:47:52	175,08	169,57	1,58	10	51	9	1	0,078	0,094	0,31	0,03	895,246	--	
Margem Final (9)	164	11:47:53	175,15	169,58	1,58	9	52	9	1	0,150	0,061	0,33	0,03	895,267	--	
Margem Final (10)	165	11:47:54	175,17	169,59	1,58	9	51	9	1	0,197	0,027	0,36	0,03	895,300	--	
Margem Final (11)	166	11:47:55	175,20	169,57	1,58	14	10	9	1	0,217	0,027	0,36	0,03	895,300	--	
Margem Final (12)	167	11:47:56	175,23	169,55	1,58	14	9	9	1	0,224	0,035	0,36	0,03	895,300	--	
Margem Final (13)	168	11:47:57	175,25	169,55	1,59	14	9	9	1	0,215	0,013	0,36	0,03	895,300	--	
Margem Final (14)	169	11:47:58	175,27	169,55	1,59	14	9	9	1	0,396	0,019	0,36	0,03	895,300	--	
Margem Final (15)	170	11:47:59	175,30	169,53	1,59	14	10	9	1	0,007	0,034	0,36	0,03	895,300	--	
Margem Final (16)	171	11:48:00	175,33	169,56	1,59	14	9	9	1	0,173	0,028	0,36	0,03	895,300	--	
Margem Final (17)	172	11:48:01	175,34	169,55	1,59	14	9	9	1	0,171	0,013	0,36	0,03	895,300	--	
Margem Final (18)	173	11:48:02	175,35	169,55	1,59	9	49	9	1	0,100	0,008	0,36	0,03	895,297	--	
Margem Final (19)	174	11:48:03	175,37	169,57	1,59	9	52	9	1	0,127	0,025	0,37	0,03	895,303	--	
Margem Final (20)	175	11:48:04	175,38	169,58	1,58	9	51	9	1	0,127	0,007	0,37	0,03	895,307	--	
Margem Final (21)	176	11:48:05	175,40	169,57	1,59	14	9	9	1	0,271	0,015	0,37	0,03	895,307	--	
Margem Final (22)	177	11:48:06	175,41	169,55	1,59	10	49	9	1	0,137	0,015	0,38	0,03	895,312	--	
