Etapa	Vertical	Hora	Trajeto	DMG	Profundidade	Nº de Pings	Nº de Células	Satélites	Qual. do sinal GPS	Vel. Abs. Média	Vel. Barco	Vaz. Esquerda	Vaz. Direita	Vaz. Total	Vaz. Corrigida pelo Loop	
			m	m	m					m/s	m/s	m3/s	m3/s	m3/s	m3/s	
Margem Inicial (1)	1	10:26:00	0,06	0,06	1,33	10	40	0	0	0,166	0,056	0,00	0,00	0,000	--	
Margem Inicial (2)	2	10:26:01	0,15	0,06	1,32	8	45	0	0	0,143	0,097	0,00	0,00	0,000	--	
Margem Inicial (3)	3	10:26:02	0,20	0,11	1,35	10	45	0	0	0,127	0,051	0,00	0,00	0,000	--	
Margem Inicial (4)	4	10:26:03	0,29	0,18	1,35	10	47	0	0	0,142	0,085	0,00	0,00	0,000	--	
Margem Inicial (5)	5	10:26:04	0,30	0,18	1,35	10	47	0	0	0,149	0,013	0,00	0,00	0,000	--	
Margem Inicial (6)	6	10:26:05	0,49	0,18	1,35	10	46	0	0	0,198	0,185	0,00	0,00	0,000	--	
Margem Inicial (7)	7	10:26:06	0,60	0,23	1,34	10	46	0	0	0,146	0,115	0,00	0,00	0,000	--	
Margem Inicial (8)	8	10:26:07	0,71	0,26	1,33	10	43	0	0	0,063	0,108	0,00	0,00	0,000	--	
Margem Inicial (9)	9	10:26:08	0,88	0,37	1,35	10	46	0	0	0,095	0,168	0,00	0,00	0,000	--	
Margem Inicial (10)	10	10:26:09	0,94	0,36	1,37	10	47	0	0	0,236	0,058	0,00	0,00	0,000	--	
Margem Inicial (11)	11	10:26:10	0,94	0,36	1,35	8	47	0	0	0,075	0,007	0,00	0,00	0,000	--	
Margem Inicial (12)	12	10:26:11	1,00	0,31	1,35	10	47	0	0	0,069	0,057	0,00	0,00	0,000	--	
Margem Inicial (13)	13	10:26:12	1,09	0,25	1,35	8	46	0	0	0,102	0,088	0,00	0,00	0,000	--	
Margem Inicial (14)	14	10:26:13	1,21	0,20	1,32	10	41	0	0	0,136	0,116	0,00	0,00	0,000	--	
Margem Inicial (15)	15	10:26:14	1,28	0,13	1,31	10	45	0	0	0,117	0,079	0,00	0,00	0,000	--	
Em Trânsito	16	10:26:15	0,06	0,06	1,30	10	34	0	0	0,105	0,058	0,07	0,00	0,069	--	
Em Trânsito	17	10:26:16	0,16	0,15	1,30	8	42	0	0	0,118	0,105	-0,04	0,00	-0,042	--	
Em Trânsito	18	10:26:17	0,31	0,27	1,31	8	46	0	0	0,201	0,147	0,07	0,00	0,068	--	
Em Trânsito	19	10:26:18	0,49	0,46	1,34	7	46	0	0	0,216	0,184	0,06	0,00	0,085	--	
Em Trânsito	20	10:26:19	0,88	0,81	1,38	7	48	0	0	0,277	0,383	0,12	0,00	0,100	--	
Em Trânsito	21	10:26:20	1,60	1,53	1,45	7	53	0	0	0,636	0,723	0,13	0,00	0,201	--	
Em Trânsito	22	10:26:21	2,12	2,04	1,46	7	54	0	0	0,539	0,517	0,14	0,00	0,217	--	
Em Trânsito	23	10:26:22	2,62	2,54	1,50	7	55	0	0	0,159	0,502	0,14	0,00	0,300	--	
Em Trânsito	24	10:26:23	3,12	3,03	1,51	7	56	0	0	0,177	0,496	0,13	0,00	0,315	--	
Em Trânsito	25	10:26:24	3,39	3,27	1,53	7	57	0	0	0,237	0,277	0,12	0,00	0,375	--	
Em Trânsito	26	10:26:25	3,59	3,20	1,52	7	56	0	0	0,125	0,199	0,11	0,00	0,340	--	
Em Trânsito	27	10:26:26	3,97	2,83	1,49	7	55	0	0	0,103	0,382	0,10	0,00	0,310	--	
Em Trânsito	28	10:26:27	4,47	2,34	1,48	11	10	0	0	0,378	0,501	0,11	0,00	0,069	--	
Em Trânsito	29	10:26:28	5,29	1,89	1,49	11	10	0	0	0,103	0,811	0,17	0,00	0,209	--	
Em Trânsito	30	10:26:29	6,18	2,40	1,53	11	10	0	0	0,514	0,892	0,23	0,00	0,956	--	
Em Trânsito	31	10:26:30	7,24	3,22	1,62	11	11	0	0	0,262	1,064	0,25	0,00	1,426	--	
Em Trânsito	32	10:26:31	8,51	4,42	1,80	7	21	0	0	0,220	1,272	0,25	0,00	1,935	--	
Em Trânsito	33	10:26:32	9,75	5,62	2,00	7	24	0	0	0,194	1,233	0,25	0,00	2,408	--	
Em Trânsito	34	10:26:33	11,17	7,00	2,22	7	27	0	0	0,192	1,427	0,25	0,00	2,437	--	
Em Trânsito	35	10:26:34	12,42	8,24	2,75	23	18	0	0	0,234	1,245	0,25	0,00	3,209	--	
Em Trânsito	36	10:26:35	13,66	9,48	3,06	25	23	0	0	0,369	1,245	0,25	0,00	4,608	--	
Em Trânsito	37	10:26:36	14,99	10,80	3,22	27	12	0	0	0,322	1,325	0,25	0,00	5,934	--	
Em Trânsito	38	10:26:37	16,31	12,09	3,48	26	13	0	0	0,439	1,322	0,25	0,00	7,948	--	
Em Trânsito	39	10:26:38	17,70	13,46	3,91	26	14	0	0	0,338	1,388	0,25	0,00	9,764	--	
Em Trânsito	40	10:26:39	19,14	14,88	4,29	26	16	0	0	0,384	1,440	0,25	0,00	11,889	--	
Em Trânsito	41	10:26:40	20,45	16,17	4,70	26	17	0	0	0,430	1,312	0,25	0,00	14,477	--	
Em Trânsito	42	10:26:41	21,64	17,33	5,09	25	19	0	0	0,497	1,190	0,25	0,00	17,353	--	
Em Trânsito	43	10:26:42	22,86	18,54	5,45	26	20	0	0	0,515	1,215	0,25	0,00	20,723	--	
Em Trânsito	44	10:26:43	24,06	19,74	5,99	25	10	0	0	0,467	1,206	0,25	0,00	24,077	--	
Em Trânsito	45	10:26:44	25,27	20,95	6,72	25	11	0	0	0,513	1,210	0,25	0,00	28,248	--	
Em Trânsito	46	10:26:45	26,53	22,20	7,20	11	9	0	0	0,412	1,255	0,25	0,00	31,956	--	
Em Trânsito	47	10:26:46	27,66	23,33	7,59	11	10	0	0	0,528	1,134	0,25	0,00	36,373	--	
Em Trânsito	48	10:26:47	28,85	24,50	7,95	9	11	0	0	0,594	1,189	0,25	0,00	41,772	--	
Em Trânsito	49	10:26:48	30,11	25,74	8,27	11	12	0	0	0,470	1,262	0,25	0,00	46,541	--	
Em Trânsito	50	10:26:49	31,47	27,02	8,60	11	12	0	0	0,644	1,355	0,25	0,00	53,641	--	
Em Trânsito	51	10:26:50	32,93	28,44	9,06	11	13	0	0	0,503	1,462	0,25	0,00	60,155	--	
Em Trânsito	52	10:26:51	34,36	29,84	9,34	11	13	0	0	0,700	1,433	0,25	0,00	68,989	--	
Em Trânsito	53	10:26:52	35,66	31,15	9,78	11	14	0	0	0,673	1,304	0,25	0,00	77,241	--	
Em Trânsito	54	10:26:53	36,88	32,36	10,34	11	15	0	0	0,752	1,217	0,25	0,00	86,600	--	
Em Trânsito	55	10:26:54	38,14	33,62	10,58	11	15	0	0	0,720	1,256	0,25	0,00	96,161	--	
Em Trânsito	56	10:26:55	39,53	34,99	10,73	10	16	0	0	0,666	1,394	0,25	0,00	105,845	--	
Em Trânsito	57	10:26:56	40,99	36,42	10,75	11	16	0	0	0,700	1,461	0,25	0,00	116,740	--	
Em Trânsito	58	10:26:57	42,26	37,66	10,66	11	17	0	0	0,755	1,271	0,25	0,00	126,648	--	
Em Trânsito	59	10:26:58	43,61	39,01	10,50	7	7	0	0	1,071	1,348	0,25	0,00	141,633	--	
Em Trânsito	60	10:26:59	44,91	40,29	10,39	7	8	0	0	0,761	1,296	0,25	0,00	151,797	--	
Em Trânsito	61	10:27:00	46,19	41,54	10,37	7	8	0	0	0,720	1,280	0,25	0,00	161,250	--	
Em Trânsito	62	10:27:01	47,56	42,91	10,40	7	8	0	0	0,799	1,370	0,25	0,00	172,623	--	
Em Trânsito	63	10:27:02	48,94	44,29	10,34	7	7	0	0	0,746	1,382	0,25	0,00	183,090	--	
Em Trânsito	64	10:27:03	50,29	45,64	10,27	7	8	0	0	0,867	1,356	0,25	0,00	195,098	--	
Em Trânsito	65	10:27:04	51,57	46,90	10,33	7	8	0	0	0,810	1,280	0,25	0,00	205,638	--	
Em Trânsito	66	10:27:05	52,92	48,23	10,32	7	8	0	0	0,850	1,351	0,25	0,00	216,518	--	
Em Trânsito	67	10:27:06	54,38	49,63	10,32	7	8	0	0	0,901	1,454	0,25	0,00	228,760	--	
Em Trânsito	68	10:27:07	55,83	51,05	10,36	7	8	0	0	0,772	1,453	0,25	0,00	239,615	--	
Em Trânsito	69	10:27:08	57,37	52,54	10,39	7	7	0	0	0,878	1,534	0,25	0,00	252,760	--	
Em Trânsito	70	10:27:09	59,09	54,26	10,43	7	7	0	0	0,747	1,720	0,25	0,00	265,963	--	
Em Trânsito	71	10:27:10	60,91	56,09	10,47	7	7	0	0	0,824	1,828	0,25	0,00	281,728	--	
Em Trânsito	72	10:27:11	62,65	57,82	10,67	10	16	0	0	0,777	1,737	0,25	0,00	296,096	--	
Em Trânsito	73	10:27:12	64,42	59,57	10,70	11	16	0	0	0,781	1,765	0,25	0,00	310,817	--	
Em Trânsito	74	10:27:13	66,23	61,34	10,63	10	16	0	0	0,709	1,815	0,25	0,00	324,501	--	
Em Trânsito	75	10:27:14	67,79	62,82	10,74	7	7	0	0	0,628	1,559	0,25	0,00	334,605	--	
Em Trânsito	76	10:27:15	69,21	64,17	10,69	7	7	0	0	0,818	1,422	0,25	0,00	346,919	--	
Em Trânsito	77	10:27:16	70,62	65,49	10,67	11	16	0	0	0,650	1,410	0,25	0,00	356,689	--	
Em Trânsito	78	10:27:17	71,90	66,68	10,55	7	8	0	0	0,667	1,281	0,25	0,00	365,544	--	
Em Trânsito	79	10:27:18	73,16	67,90	10,36	9	17	0	0	0,784	1,258	0,25	0,00	375,753	--	
Em Trânsito	80	10:27:19	74,49	69,22	10,38	7	8	0	0	0,834	1,329	0,25	0,00	387,249	--	
Em Trânsito	81	10:27:20	75,81	70,52	10,40	7	7	0	0	0,607	1,315	0,25	0,00	395,546	--	
Em Trânsito	82	10:27:21	77,05	71,77	10,36	7	8	0	0	0,614	1,249	0,25	0,00	403,486	--	
Em Trânsito	83	10:27:22	78,44	73,14	10,39	7	7	0	0	0,618	1,389	0,25	0,00	412,036	--	
Em Trânsito	84	10:27:23	79,79	74,49	10,39	7	7	0	0	0,758	1,348	0,25	0,00	422,536	--	
Em Trânsito	85	10:27:24	81,46	76,16	10,55	7	7	0	0	0,876	1,670	0,25	0,00	437,176	--	
Em Trânsito	86	10:27:25	82,88	77,57	10,61	7	7	0	0	0,646	1,417	0,25	0,00	446,183	--	
Em Trânsito	87	10:27:26	84,15	78,84	10,61	7	8	0	0	0,878	1,268	0,25	0,00	457,997	--	
Em Trânsito	88	10:27:27	85,50	80,18	10,65	7	17	0	0	0,723	1,354	0,25	0,00	468,217	--	
Em Trânsito	89	10:27:28	86,89	81,57	10,66	7	8	0	0	0,654	1,391	0,25	0,00	477,840	--	
Em Trânsito	90	10:27:29	88,41	83,09	10,65	7	8	0	0	0,620	1,523	0,25	0,00	487,512	--	
Em Trânsito	91	10:27:30	90,01	84,68	10,62	7	8	0	0	0,563	1,599	0,25	0,00	496,843	--	
Em Trânsito	92	10:27:31	91,56	86,23	10,53	7	8	0	0	0,848	1,549	0,25	0,00	510,511	--	
Em Trânsito	93	10:27:32	92,92	87,58	10,49	7	8	0	0	0,753	1,361	0,25	0,00	521,166	--	
Em Trânsito	94	10:27:33	94,54	89,19	10,43	7	8	0	0	0,787	1,614	0,25	0,00	533,024	--	
Em Trânsito	95	10:27:34	96,27	90,91	10,36	7	7	0	0	0,723	1,727	0,25	0,00	544,880	--	
Em Trânsito	96	10:27:35	97,91	92,55	10,33	7	7	0	0	0,706	1,645	0,25	0,00	556,403	--	
Em Trânsito	97	10:27:36	99,50	94,14	10,31	11	16	0	0	0,842	1,590	0,25	0,00	569,747	--	
Em Trânsito	98	10:27:37	101,09	95,74	10,31	10	16	0	0	0,904	1,592	0,25	0,00	584,292	--	
Em Trânsito	99	10:27:38	102,71	97,35	10,33	11	16	0	0	0,768	1,615	0,25	0,00	596,928	--	
Em Trânsito	100	10:27:39	104,34	98,98	10,34	10	16	0	0	0,754	1,632	0,25	0,00	609,640	--	
Em Trânsito	101	10:27:40	105,96	100,60	10,25	11	16	0	0	0,888	1,622	0,25	0,00	624,039	--	
Em Trânsito	102	10:27:41	107,47	102,11	10,24	11	16	0	0	0,736	1,507	0,25	0,00	635,351	--	
Em Trânsito	103	10:27:42	108,98	103,62	10,26	11	16	0	0	0,658	1,511	0,25	0,00	645,562	--	
Em Trânsito	104	10:27:43	110,47	105,11	10,23	11	16	0	0	0,748	1,489	0,25	0,00	656,814	--	
Em Trânsito	105	10:27:44	111,90	106,53	10,16	11	16	0	0	0,689	1,431	0,25	0,00	666,819	--	
Em Trânsito	106	10:27:45	113,37	108,00	10,16	10	16	0	0	0,742	1,468	0,25	0,00	677,831	--	
Em Trânsito	107	10:27:46	114,92	109,55	10,15	11	16	0	0	0,713	1,553	0,25	0,00	689,067	--	
Em Trânsito	108	10:27:47	116,40	111,01	10,10	11	16	0	0	0,702	1,476	0,25	0,00	699,529	--	
Em Trânsito	109	10:27:48	117,85	112,46	10,00	11	16	0	0	0,792	1,456	0,25	0,00	711,043	--	
Em Trânsito	110	10:27:49	119,48	114,08	9,98	11	15	0	0	0,724	1,626	0,25	0,00	722,792	--	
Em Trânsito	111	10:27:50	121,09	115,65	9,64	11	15	0	0	0,532	1,608	0,25	0,00	730,960	--	
Em Trânsito	112	10:27:51	122,61	117,14	9,67	10	15	0	0	0,620	1,523	0,25	0,00	739,909	--	
Em Trânsito	113	10:27:52	124,08	118,56	9,65	11	15	0	0	0,618	1,475	0,25	0,00	748,656	--	
Em Trânsito	114	10:27:53	125,52	119,96	9,64	11	15	0	0	0,600	1,441	0,25	0,00	756,857	--	
Em Trânsito	115	10:27:54	126,95	121,36	9,58	11	15	0	0	0,536	1,423	0,25	0,00	764,161	--	
Em Trânsito	116	10:27:55	128,32	122,72	9,52	11	15	0	0	0,551	1,377	0,25	0,00	771,365	--	
Em Trânsito	117	10:27:56	129,76	124,14	9,40	11	15	0	0	0,668	1,434	0,25	0,00	780,308	--	
Em Trânsito	118	10:27:57	131,25	125,62	9,29	11	14	0	0	0,617	1,492	0,25	0,00	788,798	--	
Em Trânsito	119	10:27:58	132,58	126,94	9,19	11	14	0	0	0,763	1,332	0,25	0,00	798,112	--	
Em Trânsito	120	10:27:59	133,95	128,29	9,12	11	14	0	0	0,515	1,370	0,25	0,00	804,534	--	
Em Trânsito	121	10:28:00	135,26	129,60	9,01	11	14	0	0	0,607	1,306	0,25	0,00	811,630	--	
Em Trânsito	122	10:28:01	136,55	130,89	8,92	11	13	0	0	0,682	1,294	0,25	0,00	819,469	--	
Em Trânsito	123	10:28:02	137,95	132,28	8,81	11	13	0	0	0,571	1,396	0,25	0,00	826,411	--	
Em Trânsito	124	10:28:03	139,28	133,61	8,64	11	13	0	0	0,454	1,333	0,25	0,00	831,449	--	
Em Trânsito	125	10:28:04	140,63	134,95	8,35	11	12	0	0	0,633	1,352	0,25	0,00	838,541	--	
Em Trânsito	126	10:28:05	142,13	136,44	8,09	11	11	0	0	0,531	1,497	0,25	0,00	844,829	--	
Em Trânsito	127	10:28:06	143,61	137,91	7,67	11	11	0	0	0,442	1,476	0,25	0,00	849,464	--	
Em Trânsito	128	10:28:07	145,06	139,36	7,38	11	10	0	0	0,535	1,452	0,25	0,00	855,175	--	
Em Trânsito	129	10:28:08	146,49	140,80	6,98	11	9	0	0	0,436	1,437	0,25	0,00	859,495	--	
Em Trânsito	130	10:28:09	147,92	142,22	6,41	11	9	0	0	0,380	1,425	0,25	0,00	862,886	--	
Em Trânsito	131	10:28:10	149,50	143,80	6,07	10	8	0	0	0,372	1,580	0,25	0,00	866,300	--	
Em Trânsito	132	10:28:11	150,91	145,20	5,59	11	7	0	0	0,362	1,412	0,25	0,00	868,980	--	
Em Trânsito	133	10:28:12	152,36	146,64	5,00	11	6	0	0	0,593	1,444	0,25	0,00	873,064	--	
Em Trânsito	134	10:28:13	153,83	148,12	4,59	10	5	0	0	0,377	1,479	0,25	0,00	875,527	--	
Em Trânsito	135	10:28:14	155,29	149,57	4,05	25	6	0	0	0,390	1,452	0,25	0,00	877,804	--	
Em Trânsito	136	10:28:15	156,64	150,92	3,63	26	12	0	0	0,408	1,349	0,25	0,00	879,804	--	
Em Trânsito	137	10:28:16	157,99	152,27	3,12	26	10	0	0	0,289	1,352	0,25	0,00	881,020	--	
Em Trânsito	138	10:28:17	159,36	153,64	2,61	26	8	0	0	0,188	1,377	0,25	0,00	881,694	--	
Em Trânsito	139	10:28:18	160,72	155,00	2,28	27	7	0	0	0,254	1,354	0,25	0,00	882,453	--	
Em Trânsito	140	10:28:19	162,01	156,28	2,02	26	6	0	0	0,248	1,287	0,25	0,00	883,091	--	
Em Trânsito	141	10:28:20	163,29	157,56	1,85	28	13	0	0	0,143	1,284	0,25	0,00	883,375	--	
Em Trânsito	142	10:28:21	164,41	158,68	1,71	27	12	0	0	0,159	1,124	0,25	0,00	883,676	--	
Em Trânsito	143	10:28:22	165,48	159,73	1,65	27	11	0	0	0,089	1,065	0,25	0,00	883,828	--	
Em Trânsito	144	10:28:23	166,59	160,83	1,57	28	11	0	0	0,089	1,112	0,25	0,00	883,974	--	
Em Trânsito	145	10:28:24	167,63	161,87	1,52	27	10	0	0	0,143	1,038	0,25	0,00	883,831	--	
Em Trânsito	146	10:28:25	168,82	163,06	1,46	27	10	0	0	0,068	1,192	0,25	0,00	883,863	--	
Em Trânsito	147	10:28:26	170,10	164,33	1,40	8	16	0	0	0,100	1,279	0,25	0,00	883,903	--	
Em Trânsito	148	10:28:27	171,34	165,54	1,34	8	15	0	0	0,067	1,239	0,25	0,00	883,982	--	
Em Trânsito	149	10:28:28	172,42	166,57	1,28	7	13	0	0	0,096	1,076	0,25	0,00	884,097	--	
Em Trânsito	150	10:28:29	173,17	167,28	1,20	8	12	0	0	0,190	0,759	0,25	0,00	884,136	--	
Em Trânsito	151	10:28:30	173,96	168,04	1,14	8	11	0	0	0,040	0,785	0,25	0,00	884,104	--	
Em Trânsito	152	10:28:31	174,37	168,44	1,07	9	5	0	0	0,125	0,415	0,25	0,00	884,056	--	
Em Trânsito	153	10:28:32	174,61	168,67	0,53	10	4	0	0	0,032	0,233	0,25	0,00	884,057	--	
Em Trânsito	154	10:28:33	174,68	168,73	0,71	11	2	0	0	0,085	0,073	0,25	0,00	884,055	--	
Em Trânsito	155	10:28:34	174,84	168,67	0,55	10	2	0	0	0,193	0,158	0,25	0,00	884,056	--	
Em Trânsito	156	10:28:35	174,92	168,59	0,58	11	12	0	0	0,061	0,084	0,25	0,00	884,056	--	
Em Trânsito	157	10:28:36	175,01	168,63	0,94	10	13	0	0	0,117	0,090	0,25	0,00	884,053	--	
Em Trânsito	158	10:28:37	175,14	168,51	0,95	10	16	0	0	0,063	0,128	0,25	0,00	884,051	--	
Em Trânsito	159	10:28:38	175,33	168,33	0,98	10	19	0	0	0,055	0,187	0,25	0,00	884,055	--	
Em Trânsito	160	10:28:39	175,47	168,19	1,00	10	17	0	0	0,036	0,139	0,25	0,00	884,053	--	
Em Trânsito	161	10:28:40	175,57	168,09	1,02	10	18	0	0	0,029	0,103	0,25	0,00	884,052	--	
Em Trânsito	162	10:28:41	175,80	167,86	1,02	10	27	0	0	0,079	0,230	0,25	0,00	884,042	--	
Em Trânsito	163	10:28:42	176,33	167,41	1,10	10	37	0	0	0,111	0,529	0,25	0,00	884,003	--	
Margem Final (1)	164	10:28:43	176,39	167,47	1,11	10	38	0	0	0,040	0,063	0,25	0,03	884,034	--	
Margem Final (2)	165	10:28:44	176,45	167,43	1,11	10	38	0	0	0,079	0,057	0,25	0,04	884,048	--	
Margem Final (3)	166	10:28:45	176,52	167,38	1,10	10	38	0	0	0,017	0,069	0,25	0,03	884,030	--	
Margem Final (4)	167	10:28:46	176,60	167,33	1,10	10	38	0	0	0,033	0,078	0,25	0,02	884,023	--	
Margem Final (5)	168	10:28:47	176,72	167,32	1,09	10	38	0	0	0,069	0,127	0,25	0,01	884,008	--	
Margem Final (6)	169	10:28:48	176,80	167,31	1,09	10	38	0	0	0,013	0,079	0,25	0,00	884,008	--	
Margem Final (7)	170	10:28:49	176,88	167,28	1,09	10	38	0	0	0,030	0,080	0,25	0,01	884,010	--	
Margem Final (8)	171	10:28:50	176,95	167,27	1,10	10	36	0	0	0,047	0,067	0,25	0,01	884,013	--	
Margem Final (9)	172	10:28:51	176,99	167,26	1,09	9	37	0	0	0,061	0,039	0,25	0,01	884,017	--	
Margem Final (10)	173	10:28:52	177,08	167,27	1,08	9	37	0	0	0,061	0,088	0,25	0,01	884,011	--	
Margem Final (11)	174	10:28:53	177,09	167,29	1,08	10	37	0	0	0,036	0,016	0,25	0,01	884,012	--	
Margem Final (12)	175	10:28:54	177,12	167,26	1,08	10	37	0	0	0,038	0,031	0,25	0,01	884,012	--	
Margem Final (13)	176	10:28:55	177,13	167,26	1,07	10	36	0	0	0,046	0,010	0,25	0,01	884,014	--	
Margem Final (14)	177	10:28:56	177,21	167,22	1,07	10	36	0	0	0,106	0,078	0,25	0,02	884,018	--	
Margem Final (15)	178	10:28:57	177,35	167,15	1,04	9	33	0	0	0,069	0,136	0,25	0,01	884,016	--	
Margem Final (16)	179	10:28:58	177,42	167,11	1,04	10	36	0	0	0,025	0,069	0,25	0,01	884,015	--	
Margem Final (17)	180	10:28:59	177,48	167,07	1,02	10	36	0	0	0,047	0,060	0,25	0,01	884,014	--	
