Serial Number: 4602

Heading		Pitch		Roll
234.101283	4.856485	-0.727445
243.144583	-5.277558	-2.228201
236.303901	-1.409481	-1.976265
235.697103	2.088218	-2.686740
227.545681	19.571537	-2.070848
234.455539	-1.916762	-0.821844
231.562501	-1.923847	-1.073717
232.190026	-2.480279	-2.196770
232.043210	-2.858315	-3.870735
224.217210	10.732799	-2.123323
223.103409	4.870529	-1.259109
229.068847	-2.081306	-1.329064
227.032374	-1.276599	-1.276599
223.525038	5.959290	-2.469711
220.132164	11.206206	-3.390708
226.619462	-3.916379	-3.299652
225.808712	-3.418672	-1.871268
225.414619	0.556055	-6.990645
222.596558	5.235410	-2.053223
217.496067	16.772925	-1.475948
223.869368	-4.344065	-3.078932
225.978944	-1.196116	-5.836357
219.894445	2.620370	-1.395549
216.297073	7.699532	0.475626
219.263605	3.058003	-0.055955
223.880003	-1.357003	-2.546730
223.468226	-1.010735	-2.753333
220.560130	5.214629	-0.692476
218.695888	3.250569	1.461955
222.883586	-1.370989	-0.685445
222.319941	-0.877816	-1.755838
222.679957	5.007467	-2.140827
220.758399	8.069941	-1.024699
220.492572	-2.326248	-0.108412
222.404024	-2.249271	-1.517958
219.695339	0.055956	-1.287093
216.626960	5.917129	-1.475943
221.070662	-0.601510	-1.259053
220.646725	-0.451142	-1.070203
221.319107	0.510579	-1.710320
220.248886	1.850316	0.000000
219.047777	3.205014	-0.685448
218.054547	5.203970	-0.587538
219.247383	4.480965	-3.180576
220.989095	-5.854094	-4.123325
219.054988	1.384986	-3.166485
218.073987	2.623712	-1.524898
218.430908	5.368943	0.570040
219.490445	-0.629521	-0.111913
223.592712	1.986772	-1.874800
218.534126	3.706016	-3.874245
223.396781	-2.301766	-0.688962
224.365941	4.246032	0.279780
217.036083	9.691402	0.468629
222.760516	-0.902321	-1.129677
223.116384	-2.294826	-2.518849
223.155322	-0.612022	-5.425266
217.262039	4.916156	-1.070218
219.210043	3.485309	1.451472
222.368910	1.773374	-1.832856
221.032868	-0.447640	-1.682371
219.019967	1.007231	0.111909
221.240481	3.457366	-0.734439
218.621624	10.334361	-0.356722
221.711665	4.189765	0.000000
223.614999	-2.494262	0.000000
222.403148	-0.556065	-1.615925
219.572620	6.557605	-1.675407
224.659412	-1.706912	-1.878362
220.149291	6.089403	-0.744902
221.861851	4.586126	-0.702939
227.474312	-6.356776	-0.150376
224.391823	4.789650	-1.332527
220.549039	14.604441	-0.905805
219.892273	12.837184	0.454649
228.677138	-6.114275	-0.884836
228.275298	-1.042183	-1.304518
225.553947	3.807794	0.000000
217.127567	26.756830	1.731343
233.642805	-7.508804	0.297256
236.129052	-3.748038	0.867307
233.007339	3.527404	0.346225
232.895787	7.692353	-2.280749
229.934598	5.151365	0.055956
232.232678	-4.035535	0.000000
231.903846	1.035194	0.272774
226.935531	16.933926	-0.223819
233.755837	2.252803	-1.339565
237.285730	-1.203150	-0.744940
234.615504	4.477490	3.646556
234.043480	9.538943	2.329787
236.158091	7.939682	0.059453
241.867650	-3.198065	0.000000
238.481778	0.216826	1.584429
240.132350	4.270494	0.052457
234.783288	12.163140	-0.059451
245.043502	-5.650126	2.256273
245.752648	0.720418	1.496921
240.399002	8.066454	1.629869
240.738178	4.168787	1.696367
244.394146	-1.531898	-2.837282
236.542625	10.643590	4.235449
255.390176	0.549079	7.089551
250.768414	-6.057970	0.549072
247.311165	-1.252099	-0.398685
244.582646	5.095263	-0.276287
241.482776	7.995880	-2.217732
246.247251	-3.520402	-1.325559
247.112963	-2.774413	1.528485
246.360074	-1.752395	1.476002
242.821596	5.000189	-0.444135
246.429551	2.669290	-2.263244
250.314183	2.004342	0.000000
252.401481	-3.912998	1.762906
251.118148	-2.700872	2.091816
250.019881	0.458133	0.000000
244.767906	8.289289	0.234313
247.585469	3.380229	1.087686
252.127960	-4.081132	0.000000
248.966444	-1.650888	1.374516
248.164368	3.208586	0.552562
247.898735	2.854836	-0.968750
246.874260	5.618398	-1.888793
247.795081	-2.445233	-0.552554
249.465611	-1.427032	1.542481
251.450966	-2.476770	1.122665
249.284897	-1.745328	-1.122644
246.878584	0.916292	-2.235246
246.406847	2.665863	-1.598449
247.498502	-2.063757	0.000000
247.846320	-1.906294	1.007229
246.112860	-1.367540	0.493113
247.413715	1.948270	-0.947762
245.268436	3.163131	-2.105826
249.651061	1.801372	-1.559959
243.746390	-3.411845	0.055956
243.597933	-1.965786	0.601522
242.249208	-0.496607	-0.552565
241.186070	0.171367	-2.445335
239.745133	-0.059450	-2.357699
238.258928	2.826780	0.000000
236.591351	-1.126182	0.055956
236.828925	-1.112195	0.052459
245.856724	-0.332242	-0.556073
236.941070	0.346226	-1.671905
231.613916	2.515262	-1.517943
233.739950	-0.856841	-0.800880
230.767216	-1.126174	-0.223822
232.337558	-0.559558	-0.503601
226.942849	-0.507084	-1.301028
225.426700	-0.790391	-1.524956
224.712591	-0.283272	-1.587916
224.069935	2.781363	-1.273084
226.822400	6.779201	-0.702935
225.127000	-0.531562	-0.706426
218.540962	-1.126171	-1.126171
216.804447	-0.828858	-1.381515
213.754115	0.000000	-1.860802
212.756735	-0.454633	-2.459245
210.404947	-1.080707	-1.822363
207.537023	-0.342716	-1.496921
206.293800	-0.290262	-1.343017
206.176193	-0.636494	-1.622893
202.063215	-0.223821	-1.133167
200.243133	3.338164	-0.846340
196.633746	5.207616	-0.968792
194.931957	6.103603	-1.622903
193.386204	2.186198	-1.552888
191.884547	-0.898813	-2.137274
195.791908	0.503611	-8.296462
188.713602	2.252698	-2.025230
190.105382	2.686782	-6.413135
186.081550	2.273827	-5.411333
185.355107	0.279776	-5.074051
184.502449	1.185595	-4.582561
185.409800	1.140130	-4.803645
182.636340	1.458499	-4.561699
180.848183	0.517582	-4.905463
176.664445	-0.279769	-2.875818
176.844762	1.671890	-3.064992
176.472107	2.270302	-2.553830
177.379621	2.560847	-3.727210
174.629566	1.045696	-5.182797
173.128366	-0.447646	-5.330417
171.581354	0.618993	-4.340514
169.344024	2.312250	-4.347642
168.341282	3.765678	-5.140757
165.487748	4.295183	-6.448598
164.608435	4.877405	-5.973439
160.783894	3.692031	-4.319554
162.265005	2.088306	-4.579244
163.673121	2.427712	-3.106945
160.784695	2.903808	-1.080658
161.124437	2.319266	-1.413005
160.992038	0.510599	-2.504797
161.702297	0.570059	-3.310229
160.516717	1.325554	-3.636021
158.858286	1.217076	-3.478235
158.750548	1.199639	-3.776249
157.351375	1.874830	-3.983013
157.835771	4.649486	-2.830449
153.654380	1.717411	-1.371056
153.057242	2.511840	-0.339237
148.304816	1.423465	-3.019393
156.393624	1.405977	-2.084734
155.237681	2.889846	-1.245072
153.620317	2.361193	0.055953
152.990591	2.665751	0.171358
150.461965	1.699869	-0.961764
152.151798	0.496616	-3.436364
152.082860	3.415340	-4.817894
150.445822	3.275198	-3.919964
151.415562	2.196747	-3.877799
148.118375	3.860399	-1.531983
148.478515	3.870820	0.167865
149.710626	4.481043	0.111912
148.455046	1.909851	0.000000
144.475315	0.856837	-0.514090
144.484258	-1.119149	-2.578246
144.959036	2.049829	-3.324258
148.954963	4.972205	-4.326600
146.516720	1.594946	-3.023015
149.171863	6.188154	-3.320742
144.957614	1.007225	-1.566909
143.460944	1.035206	0.000000
144.998117	3.523811	0.556049
147.235339	3.765642	-0.692452
145.408596	1.808316	-4.028514
147.845260	2.417304	-3.776246
144.209657	-0.577029	-1.101650
143.731914	0.335733	-0.167866
142.994421	0.000000	0.769400
145.815195	2.399747	-0.276276
144.376054	3.411845	0.055956
147.369006	6.332305	-0.409175
147.804479	3.240105	-2.473266
142.880941	0.346230	-2.669370
148.253120	1.420014	-2.214287
147.649504	-0.447641	0.000000
148.829388	1.461970	0.279774
149.123873	1.378000	1.668364
148.757725	1.087693	-0.398684
149.523014	2.102247	-2.158240
147.934028	0.510594	-2.266757
150.131945	3.142092	-0.783405
149.005128	6.846247	0.514090
151.636788	6.377960	0.692451
149.450839	-0.111912	-0.227321
152.294842	-0.723927	-0.723927
156.108191	0.563036	-1.294023
154.907841	0.283265	-0.507085
155.872615	-0.111912	0.111912
156.949029	2.371793	-0.692467
158.667314	4.926671	0.514100
156.813027	1.888756	-0.171356
157.826975	1.486493	1.028243
157.070438	0.793876	3.411727
158.876551	1.524967	2.487303
163.219697	3.029993	0.398685
163.641024	2.546725	0.807856
163.199393	-1.091208	2.014830
165.410216	2.410289	3.275173
167.074561	3.050988	3.110526
167.722040	3.485351	2.613307
168.733966	0.000000	1.269611
168.596931	-3.576455	0.989755
170.297690	-2.441824	1.573964
171.064707	-1.696358	2.791818
172.945685	0.283278	4.860006
175.243429	7.265525	5.126647
174.148914	4.916084	3.744658
176.397128	5.344429	4.154782
175.213451	0.171362	2.315759
174.224708	-1.423509	2.389284
177.743601	-0.863813	2.193208
179.060605	-0.975732	4.365076
179.601274	-1.986790	4.368697
181.769503	1.315040	3.184035
181.428133	2.168805	1.836364
181.397983	1.661407	0.398685
181.221614	0.818384	1.171660
181.809149	3.229670	3.583518
181.189118	1.231087	5.291694
182.932653	-2.837360	6.311147
186.247074	-3.373172	3.706033
187.052578	-2.434808	3.544960
188.451495	-1.248564	2.273713
186.587775	3.485276	3.656968
187.480624	0.353225	3.839359
188.416703	-3.628945	5.014282
188.347005	-0.958252	5.084469
191.174770	1.601878	3.604384
190.769560	-0.055955	2.788356
190.292904	0.171360	5.892560
191.409393	-0.111909	4.800226
193.106429	-1.045699	1.542420
193.936231	-1.388536	0.388196
191.450251	0.559566	2.137304
191.272348	0.972271	4.473978
192.481347	1.325586	3.983109
195.651510	-1.815374	1.248616
196.381971	-2.263205	0.167861
197.600173	-1.538905	1.084163
194.909769	-1.171639	3.163064
196.587004	2.879339	3.467759
198.485533	-0.923287	2.718305
199.383720	-2.238733	2.294731
201.146230	-0.835875	0.723952
202.345319	-0.339218	1.024698
199.612750	0.695957	2.844380
201.953925	2.711267	3.923319
201.982986	0.276284	3.846367
203.303240	2.175708	2.690245
202.798856	0.283276	2.690347
202.750078	-3.029990	2.858400
202.160941	-2.032217	1.636846
199.432109	1.703365	1.930794
199.229708	4.803888	2.315827
203.993026	-2.648296	0.000000
204.348861	-3.425670	-1.367483
202.746848	-2.483779	0.055955
202.365137	-1.154121	1.731327
201.283140	0.000000	2.938897
201.979752	-0.115404	2.676237
199.729961	7.911255	1.941306
202.055092	1.409540	0.167869
203.129517	1.797862	-0.286773
202.004806	2.518697	-1.287028
202.048583	-1.507433	-0.108411
203.369126	-2.427736	0.881312
204.528877	-1.336055	1.392026
206.356647	-0.507086	1.916767
205.196417	0.814847	1.923755
206.215773	6.856803	2.123263
206.917674	-0.940784	2.119775
208.215170	-2.039264	1.301049
208.486866	-1.108666	-0.444143
210.473832	-0.332224	-0.500089
206.230184	0.167868	0.055956
204.748877	5.713523	1.014263
205.950771	9.170352	0.849856
208.575413	4.498510	1.077198
211.494989	-0.674969	1.594914
211.664697	-2.291257	3.187567
214.015335	-2.546850	1.769900
212.923133	-0.552554	1.664866
212.652357	4.473839	1.395481
213.051708	4.372291	1.608940
210.592611	5.871466	2.872349
213.070786	-1.161109	2.151207
213.289186	-3.986536	2.158288
214.481190	-3.404845	1.280106
215.661175	-0.395176	2.039244
213.207249	9.251971	1.647442
217.220829	1.881797	2.886357
218.301284	-2.000725	2.000725
219.236025	-1.895797	2.063760
220.011478	0.692436	4.042463
223.508534	-1.301040	3.257574
226.427700	-4.186425	3.124585
227.031374	-1.164645	2.830378
224.569116	5.502435	3.106968
228.674698	10.526183	2.487279
220.898310	10.672375	1.937866
226.285396	1.405987	1.759333
226.221393	1.171604	0.993221
231.386741	-6.578446	0.157368
230.127554	-2.133745	2.028762
232.073676	-0.657489	3.965499
225.262101	15.183297	6.022663
230.091554	8.285595	7.445363
235.119460	0.000000	3.583533
237.455665	-6.856770	3.646486
238.532060	-4.112708	0.328736
237.623629	-3.169963	1.986735
239.044140	-0.461624	4.396685
240.706302	-0.360214	4.652895
237.664878	5.551792	2.917950
239.297971	5.829248	3.516807
242.270370	-1.360546	1.360546
240.440425	-1.360548	-1.021243
242.969971	-2.175825	0.276285
245.021423	-2.200290	4.572215
247.581058	0.111910	4.123233
249.446445	0.412672	2.896910
247.815550	6.842890	3.534465
247.115647	9.053245	3.642974
255.616487	-0.863852	2.305306
253.126883	0.391685	3.043964
252.823829	1.182139	1.238106
254.610564	0.167869	0.615531
252.808540	5.474293	0.909284
256.068423	-0.227310	2.175700
258.923049	-2.777842	1.577423
256.626332	2.147806	3.142093
270.443047	1.979771	2.270233
259.549469	6.715955	1.266080
261.219112	-2.844407	0.650497
270.103623	-3.825249	3.222593
264.084491	-1.409467	4.561519
266.791284	-0.615513	1.010733
265.344643	1.175131	0.115407
261.808483	9.815381	0.598018
267.501030	5.808342	2.196795
262.345639	2.361269	4.221424
267.623129	-3.997011	2.154766
266.019792	-0.800871	-0.052457
270.435224	1.189127	-1.248592
259.229414	14.658355	1.171610
260.218394	13.490565	0.360213
269.920994	-6.708960	3.464338
269.472648	-5.881911	3.071901
268.404905	-1.724414	2.245821
269.928844	0.486104	-0.269278
268.219679	2.466234	-3.068444
270.490916	1.748832	-3.905811
257.303616	14.156490	2.872325
270.239205	-6.638385	4.456324
270.303387	-2.084764	1.510946
272.591064	-0.580542	-0.475622
272.526923	1.304589	-2.266813
273.046833	2.298217	-3.667474
249.708332	27.530764	0.440639
277.467224	-8.084087	3.152467
276.911036	-3.692085	2.637809
277.053898	-1.052730	0.734442
280.277620	1.378048	-0.975779
271.668337	14.846267	0.000000
282.159743	-6.367324	1.374491
272.818026	-1.084180	0.811365
274.073691	-1.066700	-0.800879
266.847252	9.060281	-2.970385
262.783617	17.967703	-1.573920
271.236181	3.268150	2.070789
279.182837	-8.603864	3.986493
279.568496	-6.518897	3.853351
278.974538	-1.643894	-2.259755
270.644623	7.325472	-4.838801
255.906213	28.117557	-0.416180
265.606595	4.958331	4.270631
274.456722	-10.746608	0.370698
273.333539	-3.149136	0.297270
272.317537	0.790378	-1.108662
273.111931	0.685446	-2.252708
251.362454	25.638432	0.723931
266.647545	0.167868	0.055956
267.967427	-6.722867	-0.209827
263.393866	-2.658834	-1.028235
259.645798	3.954903	-1.626386
258.808566	5.133668	-3.089468
250.847937	19.019109	-1.825867
266.935134	-2.417303	-0.493116
268.285774	-3.649936	0.489599
266.157837	3.523953	0.667990
259.600898	14.344102	0.115404
258.955745	7.382022	0.776403
264.401976	-1.689355	-3.383683
262.788248	-0.779903	-2.511805
262.164400	2.686746	-1.773306
260.316331	7.713393	-1.010713
260.995280	7.040108	-0.832366
262.900995	1.990267	-1.521430
266.356010	-3.867403	-0.839371
265.275751	0.328737	0.220323
259.172267	6.367538	0.276281
264.977639	2.273825	-2.974018
259.046087	8.664177	-3.990081
266.245850	-4.249375	-0.549053
264.434171	0.000000	0.055956
254.812181	16.185905	3.173536
268.324142	0.276281	-0.660987
267.988646	-2.378696	-3.453707
255.677541	15.531334	-2.105734
266.975252	1.720852	-0.293761
268.851342	-0.157373	0.748416
263.439405	7.816028	-0.104917
263.107920	11.088407	0.000000
264.339808	9.585077	-0.440655
275.906861	-8.041908	-2.119773
269.783841	2.196788	-2.301785
257.981698	20.519827	-1.391992
257.318964	23.541993	-0.143382
279.259652	-9.273175	1.776889
274.450765	-1.427033	3.520467
269.331474	6.783007	0.416176
257.029534	26.510537	-4.312564
278.332700	-9.514178	-3.709661
275.144318	-3.313629	-2.123244
274.542497	-1.094646	0.632981
252.901438	32.696231	2.550309
270.751372	5.980679	2.952995
277.530026	-7.300669	-0.136386
277.922686	3.205034	0.171359
258.514363	26.487799	-2.497820
266.174252	7.159956	-3.807784
274.629921	-6.511696	-4.547558
274.469982	-0.346225	-0.055955
258.332566	23.664361	1.031716
272.698838	-1.220574	-0.930265
265.506909	5.516546	-2.497763
266.651055	4.516093	-2.476806
268.159750	3.159639	-2.105833
260.866307	13.231941	-1.556462
268.126259	4.635273	-0.055954
269.538805	0.542052	0.325228
264.239096	7.054043	0.496599
262.040204	10.597210	-1.280061
263.406867	6.567948	-1.577393
260.698569	11.477359	-0.860335
269.637479	-4.403857	-0.846362
265.875059	0.000000	-1.633381
252.509882	24.357593	0.167865
255.725371	20.759001	-0.136388
267.672834	-3.856836	-0.272783
265.188577	-0.944250	-1.049177
257.473036	12.213233	0.618999
258.427344	13.271097	-0.171360
257.233871	17.145920	-0.979245
265.809466	-1.119180	-1.566948
262.765960	3.863852	0.104916
259.856860	10.476272	-2.469749
257.137759	15.332414	0.000000
265.419571	6.237379	2.693858
262.514895	5.137224	-3.138528
260.609222	10.167395	-2.788428
258.749727	12.536103	1.150682
262.472960	7.868959	0.055955
266.549704	1.647348	-0.248293
256.287109	18.564178	0.234309
255.763549	20.632629	0.335737
267.748257	0.986234	-1.315029
259.522329	13.267551	-0.937279
261.583537	10.248856	0.000000
259.747703	13.361069	0.000000
268.575005	-1.780307	-0.608506
258.492550	13.706175	-1.668363
259.020500	15.049845	-1.091214
266.864752	1.941342	-0.828876
265.546047	-0.202838	-0.304258
256.841773	18.575758	0.507105
254.895357	23.855086	0.881306
265.458153	-0.933774	-2.410231
267.757370	-3.993442	-1.993759
256.997873	22.059108	-0.881325
254.235708	24.284192	0.000000
263.819567	7.308117	1.245127
268.298362	-6.283058	-3.453824
259.841407	13.041149	-2.266722
243.478315	34.069865	4.281056
272.974913	-5.548052	-0.206329
269.323257	-3.033551	-2.004345
256.341028	21.779537	-0.706430
266.483328	4.586193	-1.413001
266.216864	4.926569	0.000000
256.052244	19.040995	-0.870832
264.331912	3.632555	0.339233
263.019864	6.388466	0.000000
266.316540	1.119187	0.101420
256.010384	18.325223	-0.286777
254.373832	22.289724	-1.224120
267.367702	-1.105145	-1.657846
266.633577	0.307752	-1.451479
253.170447	21.931446	-0.377708
257.330174	18.052263	-0.881318
266.960322	-1.063214	0.423167
259.196724	10.113985	-2.707867
262.451562	11.270687	-2.004323
259.075509	14.225391	0.000000
263.214028	4.214362	-0.339225
262.875417	6.374564	0.000000
256.606862	14.286450	0.055954
262.745298	9.067798	-1.906372
261.658988	9.202272	-0.954790
258.370937	14.070136	1.874807
261.051401	10.504671	0.178354
265.983919	1.255581	-1.958792
254.098726	22.717848	0.594547
263.004590	11.552560	-2.280802
266.157889	4.389736	-0.419663
268.257041	-0.500096	-0.902297
264.465652	9.709270	-2.473315
258.310932	18.346762	-1.343031
267.887278	-0.521084	2.084767
263.218389	14.684094	0.290269
264.956957	7.949969	-0.297257
266.426160	6.638618	-0.716953
263.924033	12.765286	-6.628018
266.041366	7.593768	0.395193
263.278211	11.295321	0.346218
267.372193	7.001276	-2.382265
267.227265	6.765330	-1.437505
265.961170	11.327847	-4.516145
265.688957	11.516356	-2.508212
272.852191	7.480615	-0.937273
271.316355	2.938898	1.549428
265.102040	14.640349	0.828845
278.389427	-2.651808	-5.253124
269.663410	10.291590	-6.240867
266.967784	13.799620	-1.077164
267.993364	11.773675	-0.577040
276.186927	0.321744	-0.912807
265.394048	19.793506	-2.721800
292.274023	-6.036934	-0.695971
279.859227	13.472550	0.472125
287.493800	5.393582	0.000000
286.295597	11.580844	0.000000
292.094252	0.332235	-0.664481
290.457399	4.628173	2.928332
288.487103	9.237734	2.924970
284.601923	15.397430	0.363710
287.746889	10.686104	-1.836304
294.095650	0.996721	-1.937757
292.417076	7.064708	-0.115407
293.809781	12.249258	-3.159545
296.942136	5.713245	1.594887
298.940081	6.585647	2.224750
297.120198	8.596891	1.689398
298.460524	6.962601	-3.303204
299.469203	6.349978	1.857356
300.349921	7.720438	0.961745
297.488112	9.322759	0.542080
302.180051	5.109098	0.451136
300.458261	6.318028	-1.465435
300.228784	9.489340	-0.055956
300.478410	9.134698	-1.234584
300.385921	8.904710	-0.580546
303.600089	4.888100	1.336074
302.209151	6.606637	0.164363
302.947533	10.344880	0.055955
299.979417	10.309039	-0.342718
305.146410	5.748465	-2.459253
301.634602	9.230742	-1.049244
301.167027	11.363498	-1.238125
304.885959	8.204576	-0.409181
305.247004	4.972164	0.000000
305.494156	4.954686	-0.276278
309.175458	4.807203	-0.052457
309.370196	6.652743	1.371058
306.296937	10.202606	2.214257
308.208085	6.072111	-0.230820
308.545923	7.103359	-2.084747
309.304496	5.787179	-1.885321
307.372754	7.674890	-0.741435
309.473527	4.540580	-0.905805
306.652087	6.846096	0.101416
309.456540	9.553045	0.283273
307.116047	10.284277	-2.462747
305.845086	6.416954	-4.004164
306.877440	4.659726	-1.234559
308.460062	3.891863	2.333268
311.442731	4.417800	4.680917
309.708903	5.344342	1.482942
307.876465	7.572548	-3.692133
303.576224	10.156289	-6.529261
307.139106	5.186402	-5.186402
308.378367	3.706119	-0.909310
308.367727	4.677307	0.332226
308.472211	6.117867	2.497848
307.353365	4.463293	2.018234
305.928830	8.547478	-0.216830
306.547202	8.041873	-1.930799
305.329194	6.103653	-0.993253
304.644946	8.055912	-0.632992
304.315165	8.327925	-0.055954
307.642990	7.664172	-0.167865
306.649838	9.641658	0.171361
308.504697	5.699110	0.000000
308.435914	3.579879	-2.588747
309.072505	5.175872	-1.853830
308.638971	4.579257	-1.070216
305.761094	6.789861	-0.510591
304.299270	8.440978	-0.405665
302.452380	8.059448	-1.524927
306.191511	4.691498	-0.402182
302.756904	7.106978	-0.793883
302.717134	11.017656	0.234316
306.014946	6.969469	1.738340
308.779549	0.622515	-0.363712
308.288462	2.137235	-0.353211
302.849700	12.399324	-2.704256
298.336266	16.564892	-2.819824
303.625362	11.645072	1.147141
315.262493	2.392726	4.449311
315.478712	2.231720	2.130230
307.105045	5.091446	-0.951248
300.776355	14.625704	-4.179208
300.997154	12.374834	-4.702084
304.273101	6.508128	-1.801311
307.889926	1.150637	1.150637
305.360803	7.339615	2.620287
303.014417	6.705405	1.315056
302.529536	7.177585	-3.443345
302.911720	8.724098	-4.582659
300.313993	7.177501	-1.892322
300.217063	7.304358	-0.468625
300.311121	5.983919	0.458125
302.599873	5.309282	0.947772
300.523169	4.684547	-1.154173
298.360200	6.708887	-2.469761
297.685923	7.893376	-1.853776
296.305187	10.082048	-0.227322
296.388894	11.003077	-1.587907
295.792522	9.819284	0.234316
295.315899	7.642825	-1.136632
297.649179	8.840718	-1.287038
297.800610	9.067394	-0.870819
300.304455	7.649905	1.535415
300.702459	4.736977	1.979755
300.480570	6.476656	0.811383
296.344267	9.861879	-2.438312
296.052669	10.220663	-4.309192
299.510511	7.985207	-2.595730
299.625927	7.180798	-0.398670
298.966900	7.819285	0.762390
299.289712	8.458907	0.269284
297.863324	11.441381	-0.958243
300.216100	9.088678	-0.594525
302.662597	2.879322	-0.227312
300.774723	5.116188	-0.213329
295.943308	8.635769	-2.564303
295.273146	8.992965	-9.826000
295.169054	11.688201	-6.406274
300.439104	4.172302	-1.426989
298.445764	8.759840	0.556079
299.468149	9.815388	3.071941
300.365565	10.615072	2.357756
299.987618	8.049254	-0.762434
299.085766	11.209839	-1.874813
301.334005	6.913130	-3.184040
304.884489	2.368213	-1.384988
302.512493	4.487915	-1.937782
303.282555	5.270699	-2.105782
300.474239	5.882112	-1.427002
300.388824	4.894984	-1.378014
297.539119	8.653232	-0.706434
294.001576	10.793403	-0.654007
294.167014	8.077044	0.713426
297.128111	4.593304	-0.447652
296.202551	4.708983	-1.696371
294.194267	6.789950	-1.832843
294.694351	8.264664	-3.016026
293.930680	7.262197	-1.969329
294.183143	4.393305	0.923304
296.345853	3.240023	2.735756
293.719989	5.808354	-0.164370
290.988562	8.306784	-3.713057
291.227372	6.089433	-3.359149
291.089352	6.223274	-3.075524
290.318643	7.442113	0.000000
292.648407	6.473134	1.972824
294.157426	2.935405	0.000000
292.523682	5.144112	-2.088216
290.273770	5.896144	-1.052708
292.552313	6.937846	-0.444145
289.038986	9.716373	-0.227321
289.764688	7.611056	-0.440638
291.205236	7.660739	0.000000
292.214448	5.284664	0.000000
290.094961	3.117567	-1.668413
290.923471	7.766525	-0.667977
291.814258	4.273965	-1.423481
289.200162	3.590471	-0.279777
288.528702	6.075626	-0.111912
286.613101	10.060689	-1.136674
287.137304	7.001422	-1.986837
291.631549	-1.570454	-3.037021
286.121005	4.596699	-1.388508
282.209242	11.263584	1.185650
283.312526	11.277696	1.773361
293.774170	-5.460412	0.612023
282.308936	12.163488	-0.996752
282.861821	8.720609	-2.599291
280.505662	9.719823	-1.276585
286.265032	-2.602869	-2.007848
281.779896	4.540567	-0.916295
279.420740	8.225480	-0.674960
281.094944	3.107048	-0.688968
280.647207	3.271711	-1.717409
278.155147	6.261747	-1.115640
279.089110	7.237330	-0.171360
276.559934	6.606940	-0.353224
281.577539	0.444133	-1.944745
277.350664	8.303559	-0.339236
278.231672	6.325103	0.167861
278.458407	5.288304	0.776406
279.720364	7.551375	0.916313
280.173871	5.235444	-0.762390
278.494978	4.828349	-3.043994
284.467126	-0.688971	0.000000
276.726385	9.003533	0.000000
276.744161	9.627325	0.000000
285.509689	0.538556	-1.136622
280.793995	0.828880	-1.713913
275.544431	7.632199	-0.832334
280.499810	7.685364	-0.695958
276.588915	6.124767	-1.231110
277.659624	5.811714	-0.402174
276.238957	3.997093	0.332240
271.762821	8.978808	0.000000
272.063216	10.508155	0.059451
274.620847	4.940522	-0.881303
275.310813	-0.423149	-1.482924
278.538374	8.865740	-1.199624
268.582962	12.417892	-1.493506
272.000449	3.741146	-1.482971
270.850752	3.597499	-0.626014
277.511354	6.923741	1.094680
268.647739	7.805588	0.220330
266.347964	9.092524	-1.906359
269.012274	4.189932	-2.476819
270.879949	-0.052458	-2.126791
262.711815	13.084499	-0.115407
262.942802	13.002211	0.059453
271.163373	-1.979809	0.468630
264.988949	9.067252	-0.262282
263.872296	11.388114	-0.055954
264.285955	9.028607	-1.154152
266.500628	3.593936	-2.392751
265.141367	5.186426	-0.713446
267.378524	6.057958	-1.381532
263.800709	4.221389	-1.797833
263.273378	5.660640	-1.846828
261.976814	8.405601	0.611999
259.758282	10.565068	-0.115404
262.009049	7.985254	0.591022
265.614426	0.269277	-1.028201
262.932354	7.237549	-0.479128
255.576169	14.406160	0.587551
265.259439	-2.648282	-2.973909
255.934359	13.695618	-1.003743
255.554304	9.751591	3.376700
262.507962	-0.157374	-1.703390
253.624121	14.434672	-1.790845
258.869521	5.822287	-3.628976
255.197179	7.890281	-2.431334
260.400393	2.126788	0.104916
252.084090	13.411310	2.231747
255.276333	10.444261	1.556420
262.357335	-0.321744	-2.109284
257.285328	1.951794	0.000000
253.329119	13.317845	-1.524937
252.136693	15.680140	-2.413710
260.120896	0.269279	-1.619380
257.061431	6.494372	-1.643951
259.722130	14.947760	1.440960
258.562408	5.766172	2.301797
255.631978	9.652102	-1.241565
262.802129	1.857268	-3.057889
255.995135	10.760767	-2.406710
256.218235	11.152823	-0.167864
257.397486	9.840480	2.109291
260.300003	5.049403	-2.193240
257.558277	9.081477	-1.465445
260.696870	5.558886	-1.664935
262.255154	6.582342	0.055956
257.134128	10.907317	-0.055956
256.953607	12.109671	1.080684
266.772424	-5.084528	-3.797184
251.659374	20.868088	0.454643
263.886530	4.017986	1.171617
258.530267	7.135191	-0.783393
264.327055	7.865483	0.115409
257.668472	7.833715	-1.301084
260.252734	2.851319	-2.235218
257.084282	7.311541	0.000000
261.126392	3.205115	0.514097
258.510570	3.436258	-0.220321
255.646029	8.494137	-3.268092
253.828345	7.353610	0.000000
256.979042	4.737065	-1.612408
253.873101	9.847485	-0.174859
257.211871	3.986546	1.021241
255.385902	7.833461	1.227585
258.147354	3.716518	-0.388180
253.730393	8.812491	-1.696354
259.465842	2.431333	-1.304595
262.794302	0.863813	0.000000
259.235980	3.177071	-1.699881
255.566058	10.263221	-3.079047
254.425355	13.839433	-0.122400
263.984164	-1.818793	1.017707
262.973886	3.565863	0.000000
257.543133	8.947269	-0.849859
258.228331	7.611010	-1.349995
260.302736	3.429345	2.172308
260.879659	7.413659	1.734855
261.826421	5.348009	1.780369
257.434459	8.600236	-1.465459
262.440975	3.282102	-1.056193
258.923395	7.047030	0.559553
262.127837	7.046872	0.678448
259.081736	6.205742	-0.227321
256.683558	10.697285	0.293773
260.620906	5.123292	-0.517599
257.842609	9.042959	-0.972287
256.365796	9.769335	0.000000
257.895898	8.310414	-0.409173
261.431190	2.021817	0.000000
255.586638	11.124694	-1.266121
257.181983	7.671067	-1.283545
259.474242	7.198564	-1.937788
258.578478	6.747621	-0.111909
257.437521	4.866884	-0.451137
258.501453	4.803716	-1.266071
262.892460	7.533609	-2.277257
254.439293	7.533796	-2.721889
258.282515	0.545569	-1.367528
256.753486	2.070821	-1.168162
261.438832	10.661096	0.111907
254.438728	8.727733	-1.496968
253.105548	6.712412	-0.279774
254.939165	8.243323	0.174860
256.148995	4.631703	-0.349712
257.483426	0.615529	-1.566966
Calibration score: M34.00Q8H6V2
Failed Calibration. Please Repeat Calibration!
Calibration duration = 89 seconds
M34.00 = Magnetic influence is acceptable
Q8 = Magnetic field is uniform
H6 = Incomplete horizontal rotation
V2 = Low pitch/roll
Recommendation(s):
Repeat calibration with two complete horizontal rotations. The required duration of the compass calibration is between 1 and 2 minutes.