Serial Number: 4602

Heading		Pitch		Roll
5.916901	7.593392	0.692439
6.130495	3.043983	4.396778
9.561528	-2.319292	2.816398
8.683920	-0.055953	-1.780297
7.769514	2.928328	-6.743938
13.535598	10.110436	-2.571331
8.597317	-4.435473	1.080721
8.159078	-1.710350	1.465457
7.296933	0.367208	-0.895319
4.862601	7.156320	-5.600894
9.433823	25.298252	-7.565526
11.501657	-2.690371	-1.556466
8.939740	-5.126675	0.891811
7.678100	-2.574807	-0.559561
8.688321	-0.814848	-0.290259
6.407877	8.925826	-0.234310
7.468012	7.061342	1.227632
10.631019	-3.902415	3.755203
9.368168	-3.786624	0.045462
14.270285	5.456746	-5.267072
15.023908	14.524865	-8.052442
12.340063	19.756242	-6.539826
16.121673	21.994852	-1.066697
8.820050	3.734104	2.511759
7.889382	0.192350	4.098800
5.835746	-2.294697	3.334598
5.313186	-4.656320	1.951782
8.910373	-4.396874	1.063228
11.060644	-0.954754	-3.825176
15.090128	1.178599	-6.282848
15.640677	3.394320	-5.492099
36.413102	34.463469	-2.494294
18.790835	0.328743	2.179309
9.034917	-5.144329	0.304260
6.779301	-2.879345	0.000000
4.770068	-1.192617	-0.626004
4.037399	-1.248605	-0.737933
4.103894	-4.189963	-1.577467
6.811178	-2.116328	-0.580556
8.263657	0.772874	-0.440634
12.792257	3.103557	-0.933801
15.286082	14.059537	-0.993255
10.795479	-4.238946	-0.500102
13.487628	-0.622522	-0.681979
14.206695	1.213616	-1.038723
11.194835	2.630724	1.503915
12.021782	-0.989763	-1.979822
11.906218	2.053220	-2.403192
11.916260	18.192869	-2.609890
13.979985	6.272325	3.383660
7.620466	-10.921209	1.748853
9.793534	-2.277245	1.500449
9.439625	-3.723535	-0.940762
8.939345	-1.556437	-5.460368
9.264357	2.042724	-5.084422
12.981950	16.894025	-4.116278
19.547479	20.886511	4.365195
2.375901	-5.084513	2.539753
358.524246	-4.887998	-0.570051
358.206158	-4.779301	-2.196818
357.595994	-3.394173	-2.970370
0.238207	0.000000	-3.786625
0.868789	2.284278	-4.018080
359.237330	3.141987	-3.527323
357.246742	-0.328740	0.000000
346.467783	28.109185	1.766379
355.846566	-7.583116	2.084805
354.398712	-6.360266	0.090924
357.406160	-0.786876	-1.573900
358.065602	1.860770	-2.987855
1.071988	1.804833	-3.870802
5.704335	-10.213087	1.902774
0.522496	1.850282	1.150620
3.669270	1.332505	1.482925
357.480223	5.604446	-3.096525
348.494812	12.797627	-5.200538
299.869151	44.440856	-2.732387
338.335344	-8.763278	-6.195214
337.965869	-1.234615	0.986265
338.484389	-6.663222	3.373267
336.975505	-4.368723	0.559559
339.924197	-0.884833	0.325244
341.380792	0.300763	-3.033517
342.723744	6.159858	-7.964164
343.763760	12.883341	-5.456789
335.528063	22.470449	-0.835837
338.318525	-4.407409	-0.786911
334.156032	-1.668394	-1.944810
329.027056	8.027988	-1.720914
336.480896	-3.758758	0.559571
339.763725	-3.383714	1.895803
337.084751	-0.723926	-0.360207
335.968107	0.779900	-2.175781
333.370011	5.720516	-3.429357
333.099778	8.239903	-1.888854
331.484988	2.438273	-0.793886
332.437313	-0.695948	-0.748409
331.569864	5.583476	-0.716958
333.380144	9.354699	-0.930311
332.582912	4.431737	-2.886322
327.882873	8.759559	-4.509027
332.395469	-3.313667	-0.178356
332.822628	-6.142182	1.636868
331.056664	-5.249696	1.332566
331.683481	0.402169	-0.755394
327.226800	12.966114	-4.824849
327.854414	12.503973	-5.014546
326.451172	10.451188	-4.659751
336.054459	-4.130368	1.469019
327.852357	3.611423	0.926778
326.880489	5.140826	0.342730
326.655788	3.839288	-1.626411
327.138909	-4.403674	-1.178602
322.135877	5.625561	-2.392790
322.355458	6.585840	-1.538979
321.412885	4.849314	-0.895302
323.415534	-4.270523	-2.270269
319.850145	4.730143	-2.032323
318.932987	3.502785	-4.203795
320.606694	-1.528462	-2.567811
320.394099	-1.339561	0.535084
314.767554	10.419645	0.000000
311.884873	10.550920	-1.199603
317.356451	-2.053302	-2.431291
314.772021	-0.531583	-3.723650
303.876838	16.963615	-2.854939
305.295804	11.281311	-2.784876
312.475839	-1.888787	-1.650869
312.078865	-6.846301	-1.185634
312.634851	-3.608040	-0.514101
311.679439	1.811836	-0.954772
295.201535	23.648607	-4.284424
299.954842	13.724841	-6.550694
289.257123	22.793056	-6.290067
293.943866	16.062578	2.742886
305.464099	-9.124115	-2.613278
304.974026	-2.165297	-1.486487
303.818069	-0.150379	-0.751913
304.067512	0.692465	-0.171364
299.866531	9.953739	-2.532715
281.668315	32.364006	-4.708999
297.137976	2.490845	-4.361817
291.321107	8.374290	-5.428901
295.499752	0.989751	-0.626008
301.902995	-4.870356	0.786877
302.619385	-1.059680	-0.094422
302.496397	3.723680	-2.242301
297.275008	12.263666	-3.622009
284.028811	25.422007	-1.448009
298.222972	1.850312	-2.371742
283.262096	19.337694	-1.021255
303.449472	-1.685901	-1.808361
300.318196	-6.265415	-0.804375
298.628192	-4.007626	0.041967
296.000994	2.263270	-0.489612
283.339259	22.539126	-1.493465
292.747760	13.666883	-3.022980
281.164455	26.334147	-4.589568
299.925704	-9.350779	-2.354222
296.512841	-4.049581	-1.024722
282.969088	13.835833	-0.706438
292.382720	-0.279770	-0.786875
295.536178	-4.747486	-2.417207
285.645680	12.070772	-2.560861
282.482418	18.148475	-2.049832
272.051613	28.784879	-2.515276
277.528956	20.617110	-6.374457
290.154172	-8.133629	-2.259729
288.315555	-4.593135	-1.280051
288.029829	-2.035805	-1.406020
282.749314	7.996013	-0.216826
270.426566	33.959543	-2.004271
284.624410	6.107293	-4.768780
295.311010	-10.746798	0.150379
282.018792	5.295353	-0.706459
279.941845	9.698441	-1.143651
278.666590	12.245429	-5.772982
278.748666	6.571550	-3.565895
287.294390	-6.585818	0.045464
284.952883	-6.413161	-1.552923
284.668816	2.007746	-1.224078
271.841321	24.457827	-1.210136
277.041116	20.583949	-0.321746
275.903957	15.803931	0.307751
285.251229	-0.870812	-0.601512
273.657497	11.720022	-2.735798
271.234035	13.544242	-3.951380
285.739250	-9.879257	-0.563044
289.487428	-5.758954	-5.323275
282.858950	-0.940795	-1.269595
271.797287	16.579987	0.048961
261.447205	34.290108	0.479127
277.013529	14.922722	-1.059704
261.329093	32.369098	-3.310255
278.945888	-3.979501	-5.249626
280.105052	-6.828470	-2.725255
283.030215	-4.123152	-3.425710
282.863086	-0.521072	-2.984357
259.857541	36.369851	-3.194677
284.326433	-1.059681	-0.636485
277.660739	5.720337	0.000000
280.238534	2.126798	1.087700
273.712060	10.320038	1.126176
271.610161	15.829925	0.514106
268.013104	16.703487	-0.968745
277.124700	0.818345	-5.811617
287.986377	-3.951373	-5.130124
285.483606	9.461006	-7.371520
267.431429	15.989581	-2.105786
278.685627	5.414557	5.200315
269.103955	16.040044	2.056733
265.908319	21.284124	-0.811382
272.394437	7.607839	-6.079102
275.576124	-0.755398	-5.347850
277.030111	-1.455014	-2.816423
271.787022	6.332369	0.318249
270.967974	13.465301	0.660979
267.410800	18.790296	2.361349
268.212683	20.252044	0.293771
271.996034	8.780667	-3.860261
271.181163	8.314105	-6.606927
277.550578	-5.924193	-3.849737
271.264184	5.607944	0.626009
271.972142	8.289377	1.885355
266.549383	16.353408	-0.835844
264.200521	21.430672	-2.238801
270.260779	7.307965	-4.049632
275.132541	-6.670394	-4.281164
271.549096	2.700858	-1.098196
265.341094	24.588062	-11.441731
265.471463	15.764026	-0.328736
270.830504	9.680650	-2.200250
270.986138	6.349686	-1.598370
260.932476	21.433498	-6.905979
273.749331	-2.322706	-6.342685
274.132632	-2.133776	-0.122402
272.728808	4.681023	1.944842
257.219455	29.734367	2.172227
265.349937	21.303502	2.686923
268.859964	11.777385	-1.461986
270.980524	3.544961	-1.650924
264.666681	17.523775	-5.629103
274.569863	-0.989728	-2.399710
273.069012	-1.927294	-1.147143
264.763176	15.975508	-8.788152
269.040819	11.081628	-11.423940
269.029028	7.904016	-5.389986
270.849703	10.753981	-5.235602
272.466403	7.251682	-3.730716
263.376896	21.792325	-7.498653
254.917675	29.530747	2.336832
273.575449	5.874968	-0.500095
282.907495	-8.872960	0.153879
276.993434	3.786740	4.754670
271.880079	15.829650	3.040503
269.742446	25.927284	-1.671965
262.436377	33.799853	-6.613851
281.912860	2.973856	-9.410945
284.984011	-7.350403	-4.477552
287.398564	3.772757	2.154811
272.075333	12.220911	5.593989
269.198576	22.187416	0.335731
275.383584	13.803447	-5.632463
285.910939	-9.493005	-1.619453
281.539989	0.083934	-0.647006
258.648018	40.076300	-0.454628
273.514553	26.257688	-3.418856
249.889377	56.787121	-2.522290
275.615699	7.417507	-18.528226
288.664201	-12.812019	4.340743
282.762652	-5.470755	3.530793
283.592748	0.000000	4.768579
260.311876	31.397566	2.543383
269.239127	22.660915	1.101706
291.005782	-7.463163	-2.987977
285.047776	2.231779	2.182781
273.138060	15.520536	-2.172238
279.580674	7.290407	-2.578332
285.633998	-1.213628	3.555461
272.686148	20.173293	0.716940
269.354456	29.075892	-4.736969
285.239338	-1.759391	0.395192
278.407145	9.095841	2.126771
268.678211	27.871076	-4.333629
275.185056	26.612528	-20.013256
288.160831	-9.680790	-0.076938
282.587956	-2.375261	1.937804
269.664360	20.273735	3.758633
272.598632	19.055302	-0.139884
278.795296	9.386322	-3.092986
284.755938	-4.361674	-2.686804
283.011405	0.000000	-1.070171
273.809434	14.897654	-3.860371
283.155905	3.639431	-0.549053
275.272469	11.959520	1.643892
278.796854	9.549707	1.091211
277.549256	11.320485	3.688589
266.964189	26.825171	-3.089650
279.047437	0.839374	-8.119827
294.296106	-11.295290	-0.370698
280.713638	0.874315	-1.521428
268.413719	22.497820	2.459307
244.571576	61.596841	-0.069945
283.732620	14.524820	-2.063758
285.275000	-4.870298	-2.662234
281.924690	-2.935455	-2.508311
280.367568	-5.467450	-1.864346
279.106762	0.916316	6.174082
287.039169	8.441034	10.871158
259.039585	45.466876	0.237806
285.771676	3.976086	-6.184679
268.021514	17.058345	-3.313677
287.596105	-13.275112	-4.645941
283.678398	-1.846780	1.161111
282.129241	4.617735	6.335747
237.275413	61.247076	4.375844
278.367507	10.888931	-13.814072
299.442687	-15.314423	9.563944
288.187387	-3.983043	3.983043
288.864985	-3.695555	-0.996739
288.559713	-3.723607	-0.598027
264.152880	29.501508	0.664476
280.390331	5.186509	-0.069945
277.796203	9.581403	-1.066701
292.189681	-10.028620	7.544243
290.020852	-2.504720	0.248295
289.267759	-1.776880	4.621359
266.992721	28.976078	1.430470
279.697058	10.373163	-1.636888
267.958143	22.979303	-1.241609
286.106736	-4.400267	2.462766
285.175284	-5.456815	-3.699063
288.336186	-5.516701	1.290597
269.072822	16.616001	5.421650
265.368146	22.713848	-3.573001
294.044044	-16.382869	-3.110534
289.319529	-3.846321	0.391690
280.890230	10.743168	5.730905
236.722663	71.654770	2.259731
274.297681	24.653089	-5.983972
270.449015	25.244027	-7.290410
287.231890	-6.258216	7.011642
287.869343	-10.298560	-0.465128
289.746300	-2.333285	8.225693
288.176769	1.916836	9.631183
262.831890	25.026854	8.639124
251.378236	45.993174	-4.231899
296.526184	-11.392044	2.284316
296.100337	-11.902509	2.658836
288.578496	-9.148974	-0.076938
291.473529	-3.268070	5.699188
287.845237	-1.377998	6.849674
257.784540	34.948336	5.249637
271.612515	25.204320	-3.947852
295.277670	-14.875904	-9.407790
288.413550	-0.307748	-6.747536
280.002027	7.889892	2.574733
288.074818	-4.200438	5.105716
289.016032	-6.469508	4.730043
279.779942	13.224258	4.603648
266.425438	31.637719	1.133143
278.698280	16.470413	-2.910925
287.844774	1.469002	5.400740
284.036305	2.728789	-4.007474
294.078397	-11.695135	-1.699873
288.504943	-3.033389	-1.538902
276.262231	18.254480	1.101661
243.382107	67.144299	2.175783
280.683750	14.474492	5.653646
292.264546	-11.060338	1.070213
284.540934	-4.119799	3.334751
284.939040	-4.105682	-0.433652
267.692321	21.415616	-0.619022
289.009199	-6.451801	1.545909
289.676673	4.937191	3.762217
272.479183	34.943516	-3.797183
261.234296	46.805483	-5.896192
266.322366	22.180071	2.721851
288.217187	-9.577799	-3.394229
288.870807	-6.705321	1.486451
297.708377	-5.906628	2.154744
289.217693	-1.454994	5.769643
260.506981	35.204934	3.650061
266.209175	33.360669	-4.884680
294.800617	-9.471700	-2.326318
275.315525	14.322988	1.385038
288.668619	-6.223366	0.996770
287.172937	-8.091437	1.801360
284.356971	-0.727441	1.993817
272.310687	18.863258	0.804368
256.983204	58.040856	-6.258454
296.257710	-10.049904	-0.083932
291.196015	-6.645658	3.572997
289.460482	-4.877578	4.032176
289.497792	-4.723154	-0.402188
293.768213	0.206338	2.760394
280.678865	7.533649	4.456412
289.134234	2.172296	6.684358
290.311800	1.958793	4.098673
278.713867	16.981756	-7.219876
291.953307	-5.868142	-5.102229
290.822994	-7.149244	-0.674967
285.579812	3.229548	-1.755827
284.471250	4.554556	2.273729
284.758799	3.527328	2.336726
288.162610	5.699471	4.596860
292.036899	6.705566	0.615531
280.454078	17.241583	-2.550322
285.013162	3.576351	-4.379126
291.772154	-4.028480	-5.808134
279.843318	4.337167	-5.636074
278.869084	8.370410	-2.098750
272.989575	15.035115	-1.150660
279.853605	1.115656	-2.413735
286.462731	-13.648371	-1.437445
280.142491	0.342716	-3.008874
274.836742	6.902497	0.629493
263.940152	23.077707	0.391685
280.288933	-3.187480	2.574714
275.718735	-2.340185	-1.930744
275.760979	6.364116	-4.375837
267.942196	2.966858	-5.512922
274.439610	-5.555386	-1.413044
270.463645	-1.052689	-2.000753
268.986485	1.451456	-0.444137
262.718326	11.695232	-0.297263
265.494104	8.148027	-5.520186
273.764406	-5.868040	-2.644812
272.196951	-2.865446	-0.486124
275.340059	-5.924291	0.598030
277.575279	-3.702516	0.475612
274.008687	0.699458	1.112181
275.103277	0.132889	-2.088215
272.014914	1.479432	-4.754499
273.430319	-3.058049	-6.128371
272.932491	-7.868743	-0.426652
269.500940	-4.207467	-0.888335
269.553993	-1.685873	-0.419663
271.444499	0.000000	-0.332237
272.320087	-0.461629	0.101417
273.804741	-0.276282	3.229649
274.743840	1.741894	0.479127
272.315762	1.259045	-2.452191
278.054101	2.371745	-4.673877
256.939952	16.637727	-1.948259
248.132085	27.461176	-1.983343
275.782440	-2.007749	2.427718
278.837134	-1.920338	2.830408
283.560238	-1.343056	1.045727
285.089900	-1.273094	-0.685472
289.389821	-0.919786	-0.458130
293.153002	-6.297050	-0.825356
290.248918	-0.545568	-1.213613
288.549879	-1.752329	-2.536238
287.189328	-2.543236	-0.800865
284.849890	-1.773327	0.853331
284.246085	-3.334585	0.297252
282.828013	-0.986271	-1.042235
282.942107	-1.042192	-2.767278
282.904830	-1.031698	-2.116222
284.884609	-1.573937	0.681970
285.171257	-3.930509	2.235319
279.402668	-1.906355	0.055956
280.120728	-1.161105	-1.626353
278.275900	0.297253	-1.969243
275.946488	0.919814	-1.101699
273.810503	1.636909	-0.818371
271.396550	1.528471	-1.465499
271.677847	-1.220606	-2.074277
272.884272	-5.393724	0.790403
268.717172	-2.560752	0.958258
266.146013	-1.857372	0.412681
268.004739	-0.258792	-0.311251
268.242845	1.444520	-1.070223
269.387511	1.976307	-0.493111
278.339359	1.755883	0.451147
267.698547	1.440997	2.018299
266.741236	0.531579	0.828861
265.694184	-0.486099	-1.157609
265.341752	-2.816362	-3.502856
262.583383	-0.059453	-4.154884
267.185815	1.507460	-1.871325
248.979549	15.528410	0.052459
256.988934	3.807778	2.196793
259.674370	-0.584026	2.606238
260.960055	-0.734426	0.209831
261.089539	-0.367216	-2.424332
261.439401	0.160873	-1.909844
258.161954	1.350026	0.000000
258.765509	2.025312	0.000000
256.237665	1.461943	-1.951754
252.281437	-0.290259	-3.331096
251.468531	-1.622911	-1.063206
248.478886	-1.112170	0.388189
247.821990	-0.951279	0.671476
246.541707	-0.342728	0.111911
246.869774	-1.094708	-0.171366
244.535956	-0.800895	-0.458144
246.398923	-0.164363	-2.175708
247.650739	0.000000	-2.266709
245.207493	0.500116	-0.388200
244.320070	0.577028	0.171357
244.475840	-0.055954	-1.014226
245.449193	-0.521094	-2.725366
245.948825	-1.374534	-8.052571
241.756993	-0.867334	1.619410
239.374378	-0.688940	1.377980
235.897528	-0.814858	0.055954
234.181816	-0.580537	-1.514442
231.812072	-0.167864	-3.001930
232.629938	0.272780	-3.057970
229.572707	0.321737	-1.839801
228.508770	0.713450	0.000000
227.647675	0.395195	1.021257
227.548663	0.598022	-0.538567
225.349296	-0.297265	0.118905
221.650426	-0.825353	-2.186241
223.893069	-1.017704	-3.968864
223.742628	-1.042221	-3.079011
224.637070	-0.325234	-0.758897
225.593914	0.605007	2.095221
229.897176	0.227310	2.175700
227.062651	1.297580	0.115408
233.132969	0.842863	-1.329067
226.392061	0.118902	-2.662264
231.783848	-0.713432	-2.564249
227.380527	-0.874347	-0.933808
223.159445	2.490822	1.364054
226.783344	0.000000	0.325243
228.002247	0.751914	-0.643494
227.343339	1.021228	-1.395509
229.729812	0.160867	-1.035202
229.785202	-0.832355	-0.552561
232.455069	-2.193299	0.272785
230.077416	-0.055953	1.661345
229.841909	0.730929	0.671472
228.537225	0.804366	-1.423477
229.178082	0.615524	-2.777887
226.251529	0.300764	-2.186304
228.254710	-0.353219	-0.646995
225.016929	-1.070169	0.111907
224.067429	-2.025311	-0.636507
226.125808	-2.235289	-2.742866
234.260891	-7.699386	-6.758156
226.787904	1.038745	-1.713916
222.518068	1.594922	-1.423500
216.744030	1.377994	0.898794
211.213326	0.902294	1.864294
214.953038	-0.237813	0.891833
205.154218	-0.416168	0.000000
199.124459	0.297262	-1.133160
196.195107	0.234310	-1.601906
195.213165	0.584053	-0.937308
195.383333	0.461630	0.000000
195.889668	0.982778	0.811391
195.259860	0.489606	-0.052457
195.139259	0.591021	-1.077172
197.860226	0.479120	-1.388520
196.830284	0.479121	-0.849848
195.858395	0.587540	0.426663
198.313767	0.786876	1.573900
203.308176	0.706430	1.356998
199.351004	0.244806	0.181856
200.341005	-0.181855	-0.304258
198.778879	-1.339552	-0.853350
198.112817	0.538576	-1.860834
197.225061	0.737915	-1.587901
195.013001	1.489942	-2.207229
198.777372	1.577385	-2.504711
198.740420	1.259071	-1.367511
200.461237	1.003713	0.388179
200.803812	0.000000	2.109317
203.569253	-0.111911	2.018318
198.199223	-0.055956	-0.171366
196.150805	-0.891841	-1.899367
198.589849	-0.828875	-1.605443
191.660685	0.332236	-0.164368
189.060441	1.364011	0.000000
189.542884	1.766365	-0.468630
186.467471	1.612386	-1.133142
189.117418	0.713426	-1.489931
184.191964	-0.646973	-1.885264
184.500074	-0.909274	-1.538893
185.322718	-1.168157	-0.556069
184.134048	-1.024724	0.591031
185.209449	0.318245	0.262289
182.698042	2.441756	0.811368
179.341349	2.175797	0.398687
178.110167	1.031709	0.059451
174.267719	-0.062949	-0.762406
170.947721	-1.136671	-2.532813
168.538071	-1.979809	-3.555436
167.871654	-0.716932	-2.991414
166.922300	0.000000	-0.318248
164.165194	1.150647	1.570427
172.954119	2.798828	-5.446256
167.320548	1.084208	-1.301084
170.847773	0.276278	-1.451483
171.407883	-0.227312	-0.514081
172.716200	-0.640001	-0.349722
172.612112	-0.647006	0.115409
175.118613	-1.231118	1.171652
172.448873	-1.227617	2.049807
175.751374	-0.115406	0.468623
175.257659	0.814858	-0.639987
174.965058	1.731363	-1.094681
172.622910	2.025245	-1.619374
172.217361	1.664848	-1.892269
175.537221	2.140724	-2.480219
175.743932	4.053051	-1.969270
174.306177	0.000000	1.297582
173.414114	-0.758892	2.228210
169.825670	0.167859	1.398966
167.206429	-0.055956	0.000000
164.918243	0.524594	-1.171659
158.098285	0.825351	-0.884809
153.933100	0.409162	-0.762387
154.261288	0.171360	-7.293719
149.165734	0.849868	-2.210824
147.961204	0.335731	-1.126163
151.558932	-0.223821	0.279777
153.509913	-0.276283	0.612029
158.599856	-0.052457	-0.832342
159.932255	-0.111906	-1.084155
159.830662	0.234306	0.528068
160.389336	0.832344	1.787319
159.430486	0.779880	0.297256
157.340859	0.286762	-1.217075
158.542833	0.055953	-1.248556
158.788487	0.223817	0.447638
157.318337	0.444146	0.612018
160.232355	-0.164368	-0.720441
158.114467	-0.723932	-2.844363
166.149827	-1.003735	-7.054081
166.717846	-2.168775	-5.720408
164.566186	1.297532	1.748818
158.110269	1.423531	0.000000
163.070723	6.817910	0.052456
157.909828	2.308753	-0.279774
158.576290	1.360491	0.339218
155.078051	1.472513	1.017759
148.528137	0.335735	0.619020
154.727853	-0.678480	-0.055956
152.956089	-0.853316	-0.227310
153.117624	0.171366	-0.055956
153.056232	-0.584021	-0.174854
152.074186	-1.189119	0.000000
153.395850	-0.835839	0.000000
154.612736	0.723941	0.000000
152.767882	0.779890	0.059452
152.610303	0.874349	0.230820
152.821439	1.052687	0.108410
154.872879	0.262293	-0.104917
156.254703	0.458135	-0.608520
160.816682	1.986811	-1.839847
165.328708	5.997992	-2.609742
169.029012	1.937818	-4.902058
165.189255	-2.634339	-4.979321
161.143242	-2.378786	0.255297
156.470003	-2.826804	4.937019
155.244269	-1.955258	3.117454
155.483158	0.000000	-1.227579
153.371261	1.220622	-3.320721
144.574384	0.167861	-1.976251
143.852455	1.070180	-1.070180
139.616163	1.073710	-0.734437
138.237738	0.888304	-2.168732
139.767161	1.287091	-5.485043
169.010031	7.290318	-21.242663
138.092590	-1.150658	0.000000
142.818333	-2.242244	0.111909
144.456506	-1.461960	2.476741
153.380804	-0.493115	2.245796
149.282276	0.758895	2.221222
151.915702	0.332231	0.332231
141.857382	-0.524575	0.115405
145.974134	0.237810	-1.133166
148.761505	8.126469	0.730911
149.245718	4.004016	-0.447642
158.329397	24.097124	-0.730941
153.074138	5.509415	2.375207
156.357806	12.160258	2.102347
154.157731	3.092920	0.111907
151.762241	-0.545565	-2.515264
152.272562	0.265786	-2.126769
152.512460	6.121286	-0.849856
156.187228	7.628829	-1.003734
155.628672	11.570468	0.916320
156.860932	8.154810	0.129394
168.336711	-0.818384	-14.988205
156.528770	0.356724	-8.657183
149.298192	4.729951	0.052456
150.505844	7.180973	0.000000
153.942689	3.443260	-0.639990
152.093811	4.158237	-0.465123
152.605386	1.318583	1.374555
151.882986	6.290039	1.769847
152.061640	4.025070	0.000000
147.794201	3.751717	-2.102311
148.400501	3.254043	-2.788281
153.611197	4.242390	-0.563046
154.508806	6.388672	1.475992
154.636918	3.990030	1.024734
152.689371	1.252095	0.762411
152.527217	2.634309	0.657485
152.438868	5.769641	1.311566
150.965243	5.070502	3.916370
150.219130	1.122643	3.670976
152.560861	2.802362	0.570050
146.427811	-2.690281	-1.021216
148.070863	3.124454	-0.765887
150.187883	5.702937	0.000000
148.490693	3.727005	0.346212
149.608954	4.884322	1.175097
149.089497	5.305776	-0.360210
146.176575	1.077162	-1.419957
139.261783	0.220317	-2.592221
144.684126	1.920250	-1.643848
146.696157	5.140603	-0.055953
147.839387	5.077571	0.178357
146.917546	2.844334	-0.769391
143.069097	0.559545	-0.055954
144.373395	2.707886	-0.552575
142.695258	3.660638	-1.350073
142.217662	2.028727	-1.860771
138.880239	2.452272	-2.564289
139.243946	5.411053	-1.874778
138.724853	6.181004	-1.570430
137.939798	5.474550	-0.958295
134.518877	2.018313	-0.171364
130.689582	1.941339	-2.665858
131.617676	2.018248	-3.881260
132.538790	5.955835	-3.853240
129.790738	5.316432	-2.802404
124.216866	2.273789	-2.991481
118.013335	-1.287030	-3.022871
116.646315	0.923290	-2.228253
118.606824	2.721827	-2.277262
119.366693	6.606834	-2.791862
115.107357	3.835670	-3.043896
108.174375	0.286765	-3.001905
102.856974	1.381512	-2.431256
105.082372	4.238837	-2.452206
104.858586	5.151223	-2.714793
102.689130	5.857315	-2.777770
100.078051	5.878479	-3.313622
92.942091	4.572160	-3.180564
76.858464	2.809303	-2.007751
90.071642	2.903930	-1.136669
89.591849	2.284263	-1.168139
85.248816	2.266706	-1.269548
84.307006	1.909781	-1.626379
81.155881	0.842836	-1.405983
64.126955	-0.622495	-1.245063
77.986954	-2.847898	-2.007807
75.297385	-3.730712	-2.781412
75.401895	-4.414194	-2.700752
75.344647	-4.547510	-2.382214
71.433639	-5.249721	-2.476825
70.828184	-4.870469	-3.107037
64.326866	-5.176015	-4.519673
62.256562	-4.312505	-5.073935
55.869632	-3.506435	-4.021644
53.543771	-2.427705	-2.543218
45.667255	-1.703358	-1.937785
38.166232	-2.280719	-3.334630
35.051424	-3.134977	-3.807661
31.460724	-1.654345	-2.539706
32.263780	0.111912	-0.919814
28.356972	0.545580	-0.727449
21.733519	1.105177	-1.598419
62.276969	32.962519	-2.721848
18.257301	9.103096	1.378046
2.748764	-1.031718	-3.219082
0.553685	-3.443360	-3.664111
358.601797	-2.459262	-2.714816
358.472043	-1.703344	-0.451132
358.008056	-0.454633	-0.199337
357.035797	-0.206338	-3.523955
355.718373	-0.209825	-6.068272
357.628398	0.052458	-5.955919
2.847571	-0.842827	-4.109093
2.964755	0.577028	-3.695476
1.134669	7.170580	-3.334762
359.392886	18.019113	-2.620277
357.019008	4.930144	-0.528085
349.534850	9.004004	1.280106
345.087909	-3.527466	-0.062951
341.544734	-5.246203	-1.727902
340.817666	-2.249234	0.090925
341.143693	-0.671486	0.000000
342.116084	-0.542053	-3.965341
344.762007	-0.549066	-7.378445
348.362652	0.209834	-5.977114
349.557635	0.465116	-4.312464
348.894709	0.580539	-1.035216
346.224068	2.557208	0.496590
296.472074	39.107694	0.681988
337.643599	-0.367202	-0.958260
338.585514	-5.474351	-0.598021
335.868567	-5.495331	-1.958743
335.022729	-1.150615	-1.500416
335.072601	-0.409161	-0.458121
336.168910	-0.730907	-1.360487
339.514699	-1.157614	-2.053229
339.160003	-2.088245	-1.878292
343.796823	0.055954	-1.199608
344.877672	-0.185355	-2.189818
344.694431	-1.594883	-2.791790
345.933673	-4.407304	-1.084193
344.442754	-2.210797	0.000000
341.192513	-0.643494	0.409173
336.643734	4.309058	-1.699866
334.055267	2.998387	-0.734412
330.026107	1.280042	-0.835835
322.896348	4.502084	-2.329805
311.156566	10.391125	-2.137291
295.707709	17.853928	-2.172276
310.082500	-1.063206	-3.828771
297.641396	14.814036	-2.245741
305.641936	5.534213	-2.515311
298.304452	11.417045	-2.995025
297.687416	9.230364	-3.173530
301.897476	3.990069	-1.839860
302.864989	-0.052457	-0.545557
303.678979	5.355130	-1.175168
300.765398	7.417432	-1.983349
296.404074	10.141949	-2.424198
294.821837	8.618104	-2.693842
299.646332	0.514083	0.153873
291.320500	12.288815	-2.060308
291.815122	13.059640	-2.445326
293.341804	9.687754	-1.874810
298.197978	-2.543238	-4.926510
295.925985	-0.048960	-3.317173
295.180084	6.131726	-1.381512
290.913728	12.814978	-2.403201
290.322627	14.074337	-1.773411
288.363075	15.880073	-3.134974
292.167071	4.982635	-2.676246
288.262637	7.473580	-1.468960
297.276964	4.463374	0.598023
289.584399	5.207397	-3.285604
287.194247	7.854679	-3.387205
290.364640	2.634349	-2.266802
284.882127	9.680798	-4.074180
280.814373	16.276965	-2.046267
283.123213	10.633001	-3.548441
288.049376	-2.669349	-5.235637
289.003157	-3.418694	-2.420713
282.024026	9.673485	-2.151239
278.790169	10.842844	-0.636496
284.167420	5.031855	-2.788321
275.605758	16.491629	-2.396189
270.979717	20.255707	-4.375815
281.535474	-4.551172	-5.235629
270.501189	12.568209	-4.175903
283.275956	4.470311	-0.104913
276.458042	2.732275	0.241301
266.095480	14.988224	-3.093074
265.831564	15.278126	-4.077760
260.282052	23.086294	-5.183070
259.184014	18.959212	-5.186298
272.038976	-9.279836	-4.238844
265.145369	2.126827	-3.835870
258.446137	16.930437	-2.718342
261.719127	5.600848	-1.594903
257.998833	11.452428	-3.667547
255.278550	13.177898	-2.991460
253.051728	15.527820	-4.958130
249.424060	21.201442	-4.551144
261.730112	-3.558988	-3.874404
256.642446	3.156007	-2.515244
252.245213	11.648911	-3.054525
251.598970	11.021138	0.160872
252.776765	5.565811	-0.153877
249.917752	12.031096	-1.934309
246.626886	14.984452	-4.621338
252.862581	4.828390	-3.100056
246.959401	6.314713	-0.622512
242.326159	17.611116	-2.543225
242.066653	16.543782	-2.455849
246.718677	3.159506	-2.431232
245.033912	10.828810	-3.520423
242.461911	12.625196	-8.359829
241.121116	10.113727	-4.119689
238.885823	10.479965	-3.874341
236.870557	13.131070	-2.431254
241.336970	8.936356	-2.581748
240.396475	8.996606	-4.835293
236.397001	11.620513	-4.526685
235.856446	15.176670	-3.439889
245.653805	-4.372213	-1.227602
242.943170	-1.371046	-2.490815
244.621589	-0.507098	-1.521453
237.009010	10.262816	2.487217
240.910067	11.627692	1.031755
236.111362	27.946041	-4.210856
238.729083	20.363199	-7.247909
243.769469	-1.671852	3.397678
239.445743	12.510701	4.260003
238.171793	13.300454	9.280390
243.575183	11.523571	4.273933
239.513888	15.614660	0.314738
247.832708	4.680905	0.867328
244.466683	5.088051	-0.626003
247.687142	0.094426	-1.801378
242.549931	9.896972	3.264559
246.546239	5.095205	1.161165
242.745280	10.181165	4.772095
246.079584	5.060004	1.489968
243.187141	10.678964	2.508233
247.550979	4.049729	3.226200
243.274784	10.472727	4.930067
246.998257	5.681870	-0.783412
252.381726	-2.868844	-3.958400
246.891757	8.947165	-2.438279
245.052657	10.405198	-1.269573
244.084705	12.485763	5.657209
247.246248	7.177322	9.155860
251.861780	2.655334	5.755595
258.436546	-6.839210	7.276171
252.497927	11.588285	3.205150
245.979169	15.480644	0.304252
247.206638	15.038261	-1.017711
249.999123	5.650238	2.399824
255.952353	-0.052457	1.346529
252.192449	5.179460	-2.025320
251.725662	7.452535	-1.084195
251.831730	9.180740	2.725294
246.245769	16.700286	7.156379
257.790053	3.537919	4.477477
254.071508	5.467214	5.523425
256.234295	2.910873	2.406740
256.293030	6.244327	0.300759
248.724246	23.169181	-0.073441
254.693249	11.395089	1.965757
265.163814	-3.229697	2.963515
256.843645	4.256454	2.781330
259.898603	6.082589	-1.413019
261.882860	1.423483	-3.611441
268.429988	13.163810	4.484577
261.033426	12.027312	8.024124
263.626422	5.868160	10.469499
259.527003	16.192795	-0.874300
262.520047	8.490666	-2.882874
264.500345	3.779744	-2.574824
266.076161	3.198112	4.039128
271.104136	-0.825373	3.439837
262.822580	14.106489	3.001989
267.651484	9.471606	-0.580550
261.329715	13.958800	6.582301
270.476825	8.038378	4.340651
267.442618	9.631022	5.748488
265.598385	14.868727	3.268195
277.212885	0.430167	0.486125
277.766018	-3.790222	0.783395
273.158133	4.919427	-0.793861
266.974950	16.087991	10.643729
273.408538	10.362627	4.705514
271.290076	12.482403	-3.464426
280.862486	-4.989895	3.282221
279.038524	0.384690	2.116259
270.398653	17.116862	-5.316339
277.549356	2.431230	-3.520320
280.749725	-1.951776	4.010986
286.284726	-5.516584	7.907734
264.296594	29.228386	4.530010
267.509888	24.009519	-5.910419
285.634331	-3.257559	2.126728
290.978259	-9.545773	4.782617
288.159265	-1.119150	7.875817
282.206678	4.737050	4.919550
271.170980	23.539164	5.615086
269.602772	30.885801	1.657910
260.715817	32.049974	4.817799
292.916138	-12.793883	1.007245
291.316960	-11.192237	0.486121
268.822953	25.039271	6.856948
251.359237	55.579854	-1.496955
299.295297	-6.332267	4.116210
291.561622	-5.565830	-0.034972
290.392364	-7.536935	-2.028728
293.455327	-0.657504	7.703223
248.064707	50.898097	4.793211
290.826900	3.636089	4.821409
296.997300	-11.363044	1.605388
282.281436	10.223871	-0.416164
287.593193	9.035695	0.118905
286.621163	3.513282	-2.686751
289.458933	-1.496934	0.248296
283.634288	8.271705	5.899777
272.658063	26.562615	-2.967042
293.783251	-5.179524	-0.171367
292.665883	-4.891528	1.364037
279.462590	13.594590	2.224724
284.961379	7.089311	4.151250
284.841472	4.579057	-5.274051
298.151628	-12.385134	1.580902
284.748546	9.659699	6.938046
266.426272	36.853868	4.902224
284.596796	19.980084	-0.622522
288.776918	-2.270221	-4.979160
295.410596	-7.872626	2.235323
293.366062	-1.864290	1.108654
294.199890	2.910834	1.969251
298.850546	-12.998206	-1.741849
285.201203	7.480590	-0.325234
292.845400	-1.640367	-0.146879
293.635361	0.619012	2.049783
281.840470	22.554628	0.192348
300.125510	-8.755912	3.597425
286.110600	11.830963	0.360213
288.898211	9.297661	3.106976
299.211952	-5.400513	1.559897
286.495708	10.483236	1.308027
291.570744	4.758201	-2.585329
292.134359	0.045463	1.017723
291.161740	-0.786868	2.312198
291.009862	4.610806	3.699124
281.514106	13.253251	-1.664888
289.527334	0.325244	-1.255605
284.567814	7.036729	-0.458149
291.563546	-9.131378	-4.898576
291.788711	-2.924933	4.561675
272.265897	24.131127	4.091665
286.668056	4.375600	-1.287033
291.514582	-6.553959	0.437148
294.937333	-11.088475	0.594519
286.651002	3.544878	0.692453
288.625813	7.745285	3.513344
272.064265	33.455686	1.717382
245.979236	60.778605	1.318596
295.134850	-16.163995	-4.642279
293.343606	-8.901085	3.219089
300.247748	-2.529308	6.708991
247.174133	69.444417	-2.494330
270.996479	29.410745	-8.194186
307.240626	-16.598361	2.350817
310.096686	-1.717325	4.543975
302.887071	-1.413002	4.923085
284.487371	19.411865	-7.625552
262.060691	34.850183	-0.055955
297.108160	-6.198536	-0.846340
291.884655	-10.419354	-3.944390
275.739021	19.857259	1.629932
278.484743	28.905260	1.885353
268.188007	41.128666	-7.611412
292.184851	-12.987534	1.909811
288.346199	-7.431324	8.830301
290.593392	-6.346463	2.805904
263.673775	27.000051	-3.425748
285.953980	4.119692	-2.119755
288.477971	-0.188847	2.928404
284.556186	6.096591	1.049213
260.179132	38.859400	-0.863849
300.351783	-4.235427	6.156360
282.736896	0.552551	-5.804628
288.303671	-7.156216	-1.899285
286.308630	-0.409164	2.564226
262.257632	57.024885	-3.643063
290.947065	-0.248298	-6.219639
291.079323	-3.373199	2.770821
289.093231	-0.514105	-1.594961
Calibration score: M26.00Q8H8V4
Passed Calibration
Calibration duration = 103 seconds
M26.00 = Magnetic influence is acceptable
Q8 = Magnetic field is uniform
H8 = Complete horizontal rotation
V4 = Low pitch/roll
Recommendation(s):
Measurements should be made with low pitch/roll OR repeat calibration with more pitch/roll.
Avoid any changes to the instrument setup or its orientation to the magnetic influences detected during the compass calibration.
Measurements should be made in locations with similar magnetic influences as the location of the compass calibration.