Serial Number: 4602

Heading		Pitch		Roll
264.866055	0.912817	-0.912817
254.694710	0.626001	-1.024717
255.854469	1.024743	-1.196139
256.076243	1.367502	-0.909288
255.106833	1.311515	-0.510579
262.340278	1.766386	-0.737938
255.671076	0.853320	-0.909280
253.659609	1.594896	-0.965253
255.297963	1.024712	-0.909291
254.675803	0.797358	-0.968735
255.124753	0.000000	-1.196112
262.281052	0.167862	-1.024712
256.298273	0.167867	-0.678477
257.021637	0.000000	-0.965273
254.102217	-0.398676	-1.308040
255.511539	-0.566551	-1.367524
254.678913	-0.167859	-1.252047
253.770373	0.514086	-1.259071
252.289411	0.570050	-1.199622
252.281814	1.713890	-1.255600
261.990072	1.031688	-1.318507
252.365582	1.143668	-1.259102
253.742833	1.427032	-1.084217
253.216114	1.080689	-1.196118
252.028552	1.934328	-1.080704
252.969519	0.853326	-1.084169
250.505632	1.986822	-0.737935
251.269724	0.626022	-0.909326
251.179240	1.479476	-1.080696
250.426095	1.136667	-0.909312
251.236829	0.793861	-0.737902
251.729265	0.339220	-1.192594
251.518464	-0.055953	-1.252052
249.357432	-0.227317	-0.965266
250.237502	-0.566553	-1.021232
252.498387	-0.570047	-1.371019
252.481268	-0.570039	-1.080673
251.257149	-0.055955	-0.454635
251.352161	0.227317	-0.968762
247.652640	0.227311	-1.381480
253.145971	0.744938	-1.031748
248.468660	1.598387	-0.741408
248.499715	1.888810	-0.800876
247.933231	1.997289	-0.454637
250.483239	1.654427	-0.339235
247.112865	1.706901	-1.080708
247.767305	1.308022	-1.024699
246.417992	1.301028	-0.507084
247.665473	0.223813	-0.849820
248.134307	0.167866	-1.304569
247.826506	-0.283266	-1.024704
247.555412	0.454647	-0.797398
245.788616	1.199601	-0.916285
244.714181	0.573555	-0.744930
243.145275	0.626010	-0.398683
243.062921	-0.342721	-0.741412
244.917832	0.111910	-0.741424
252.256276	0.000000	-0.342728
242.900084	1.080656	-0.167859
240.552109	-0.283271	-0.734422
241.940402	0.279766	-1.521401
241.203314	0.000000	-1.531907
239.844896	0.339219	-1.196091
247.396981	0.741408	-0.741408
239.202511	0.797357	-0.741399
239.536632	0.570038	-1.259060
237.726623	1.489919	-1.601866
237.140302	1.664844	-1.262548
234.081192	1.948288	-0.916292
236.648051	1.594912	-0.681963
244.210610	0.339233	-1.252107
236.627777	-0.451144	-1.524961
234.661861	-0.339235	-1.528478
235.221317	0.167866	-1.304569
231.912939	-0.227313	-1.024708
231.920388	0.000000	-1.311568
233.801304	-0.514094	-1.374528
233.178657	-0.398690	-1.367557
232.549560	-0.283265	-1.367490
230.774156	0.171366	-1.255620
233.369757	0.227313	-0.804362
231.309584	0.000000	-0.912822
231.053396	0.570050	-1.199622
230.484291	0.626014	-1.311569
229.394102	0.167862	-1.367501
227.915063	1.304555	-1.304555
228.679322	1.706858	-0.965257
227.014474	0.912812	-0.685471
225.717119	1.311540	-0.968753
233.040281	0.339234	-1.248611
225.295431	-0.167866	-1.304569
225.210202	0.000000	-1.304575
224.518847	-0.167859	-1.248551
225.183017	-0.227322	-1.255616
225.524198	0.227313	-1.196102
223.743799	0.167868	-0.912818
222.675404	0.570038	-1.087666
221.922135	0.342734	-1.374558
220.994723	0.000000	-1.084157
219.076153	-0.283271	-0.965261
227.525249	-0.566543	-1.077177
219.815249	-0.510586	-1.423474
218.793895	-0.227317	-1.311557
219.164945	0.570059	-0.968781
215.537403	1.374503	-1.087672
215.196505	1.489987	-1.031738
213.384345	1.773347	-1.028222
212.845258	1.769856	-1.199621
211.763850	0.566552	-1.364027
211.174796	0.055953	-1.084156
211.738568	-0.451150	-1.017753
211.105163	-0.619009	-0.790383
209.788880	-0.451143	-1.241601
209.052496	0.000000	-1.993735
206.459040	0.514100	-1.951835
204.463820	1.154126	-1.329023
203.587418	2.837429	-0.636512
201.178965	3.748172	-0.342727
201.365712	1.143658	-0.916304
199.893695	0.335735	-1.409522
204.619858	-0.779897	-1.395517
199.221872	-0.888321	-1.332548
199.417554	-0.447640	-1.682371
197.831177	0.856849	-1.944824
196.009967	1.990334	-1.815375
195.106762	1.416521	-1.297582
195.237674	3.495822	-0.171361
192.237960	1.031691	-0.342715
192.111520	-0.223822	-1.129670
190.778151	0.332236	-1.276583
189.149386	1.014215	-1.294041
184.719200	1.353524	-1.412993
184.858642	2.847899	-1.423510
181.192922	3.758755	-1.385051
180.543201	1.626419	-1.510968
182.783892	0.286776	-1.661427
180.630210	-0.283272	-1.304559
179.282833	0.000000	-1.524915
177.843458	1.297536	-1.017710
178.406328	1.755841	-1.077184
174.695513	3.310075	-1.196087
173.654023	2.532760	-1.493451
175.298202	1.794300	-1.388480
174.342476	0.800888	-1.031734
170.140940	0.000000	-0.797375
169.879988	-0.055954	-1.017722
169.008819	-0.055955	-0.951286
166.341417	0.507103	-1.357048
167.233003	1.640350	-1.301022
164.461005	2.053280	-1.084188
163.601131	1.675360	-1.038702
163.628433	0.860351	-1.318572
159.403807	0.514106	-1.318587
162.755630	0.055955	-1.311567
160.539000	0.283271	-0.968758
157.083670	0.626010	-0.741426
156.242300	1.140128	-0.797363
157.203638	0.454637	-1.084189
154.704051	-0.055956	-1.416538
155.134363	0.223821	-1.580932
156.457324	1.014212	-1.580889
150.896988	1.993778	-1.364017
152.520034	3.474806	-0.982749
152.796941	2.809407	-0.993265
149.427318	2.217765	-0.930290
148.746706	0.514086	-1.087676
146.565703	-0.619009	-1.014229
137.093715	-0.608512	-0.832346
144.968042	-0.164368	-0.723938
146.446196	1.633395	-1.070193
144.449074	3.362750	-0.909313
142.163749	1.615936	-1.210133
140.684533	1.101659	-1.217088
140.337753	0.000000	-0.975763
146.284937	-0.223817	-6.349798
139.299789	-0.559541	-0.223813
138.307299	0.451141	-1.077196
140.807187	2.637800	-0.916298
136.658476	3.390654	-0.688942
134.423646	1.444473	-0.979248
131.692002	-0.678455	-1.360502
131.899938	-1.175124	-1.287058
133.427578	-0.954796	-0.559570
133.369168	0.510603	-0.454645
134.940585	6.751027	-0.688946
136.318844	5.379483	-1.003726
130.223549	1.955350	-1.483005
126.018225	-1.507459	-0.835856
129.315194	-2.326264	-1.080693
127.347140	-1.087688	-0.433655
123.515608	0.730944	-0.846364
125.563288	2.133785	-1.895828
131.124000	14.128024	-1.500469
124.511329	2.609865	-1.899365
120.371686	-3.919814	-0.989730
120.700507	-2.105794	-0.699459
120.140220	-0.440654	-0.549072
118.880531	0.468618	-0.937268
118.126392	0.608529	-1.584447
124.225680	6.670152	-1.021225
118.652550	0.821887	-1.315089
114.971919	-1.098177	-0.769400
113.180041	-0.563059	-4.926631
114.432036	0.465127	-2.452254
122.152799	6.962693	-1.692923
120.423343	6.096503	0.000000
111.264852	-2.357765	-1.010738
110.736630	-1.122661	-2.133762
115.025239	0.283277	-1.545966
117.884315	5.604311	-0.755398
120.886474	8.808869	-0.790368
114.399984	-1.353537	-1.238100
110.104956	-0.891811	-1.619399
118.294719	5.411038	-1.066673
118.749096	5.063603	-0.688974
114.588487	0.797378	-1.084184
118.924216	3.499271	-2.123223
116.433997	4.519492	-1.965778
118.015772	4.056601	-1.175129
108.756776	-2.816301	0.000000
113.956546	-1.692848	-0.489601
115.829704	2.018236	-1.510916
120.561047	12.518142	-1.601956
112.994977	0.706437	-3.064943
112.615266	-5.643205	-1.857370
111.988552	-2.315778	-0.881330
115.507697	0.000000	-0.167868
124.353820	7.445577	-0.633013
119.843185	3.432758	-0.930283
116.226572	-0.412665	-0.947765
115.855587	-2.123217	-1.203086
115.128983	-2.634253	-0.986234
120.331410	0.493106	-0.605020
124.138790	7.290280	0.055955
120.332055	5.246184	0.465137
117.285861	0.580555	-0.290274
117.123457	0.402179	-1.098182
104.570374	2.830439	-0.115410
116.479715	1.699848	0.451133
119.198058	1.622881	0.223816
116.811310	1.000232	-0.220320
115.160835	1.878348	-0.395190
119.533661	3.734192	-0.744932
118.898060	2.035745	-0.755397
117.487521	1.689358	-0.465123
114.549514	-0.678480	-0.055956
118.104559	0.828841	-0.664463
119.894155	3.093088	-0.674989
116.692575	2.938827	-1.325508
118.019898	2.746253	-1.430451
112.437776	-0.570042	-1.654374
113.600076	1.699838	-1.021206
115.223727	3.642974	-0.454633
111.457774	1.420011	-1.308069
115.077433	1.084161	-1.255554
115.629777	2.333253	-1.080688
114.836481	2.007756	-1.031705
114.998494	1.717342	-0.972245
102.749184	2.753397	-0.685478
113.495532	0.451149	-1.360555
114.071393	2.263232	-1.245077
112.774879	2.266799	-0.734439
115.274275	3.649924	-0.510581
119.731619	5.098744	-0.692475
114.629741	4.123135	-0.409164
112.064350	-0.055955	-0.737928
113.173988	0.216821	-1.636865
113.657250	2.833863	-1.332542
109.280139	6.638522	-0.458137
115.307122	4.242489	0.405679
115.080945	5.685374	0.765922
111.675786	1.370986	0.283265
98.512497	-1.010720	-1.290546
113.779186	0.000000	-1.367507
117.161133	3.376718	-1.273073
115.083041	6.339189	-0.797366
122.091557	8.246596	-0.423151
114.694309	2.077772	-0.828857
109.645020	-1.776845	-0.496604
110.619564	-1.080679	-0.538567
119.223024	5.182947	-0.325243
117.032704	6.307751	0.000000
116.821051	4.887933	0.115406
115.238614	2.844365	-0.346222
113.107983	-0.968774	-1.255599
116.573025	2.035777	-1.808333
116.571159	1.650849	-2.109214
116.212037	2.634317	-0.111910
115.441997	0.000000	0.276282
116.978483	3.383696	-0.167863
119.902867	4.814177	-0.629491
109.328794	2.648332	-1.647413
113.693463	1.503957	-1.388514
112.154089	-1.343028	0.167863
119.498887	3.359271	0.052459
118.824734	6.342748	0.741412
123.349891	5.642994	-0.709935
118.542912	2.889887	-2.063776
110.508040	-2.354270	-2.242270
114.500569	-0.216827	-1.703384
122.947095	5.253125	-0.496606
121.333186	6.167013	0.405681
121.435819	6.951938	-0.059452
117.247385	1.357066	-0.412681
116.776500	-1.346567	-0.786907
115.633583	0.493112	-0.821872
121.157514	4.519601	-0.713452
117.891127	6.230115	-0.111907
117.202650	6.698178	-0.115404
117.673389	-0.290263	-0.755403
117.118888	1.416461	-1.077163
118.989760	1.171629	-1.115664
108.413781	1.836277	-1.615861
121.768371	3.149003	-0.605015
120.960479	3.513275	-0.171357
121.344856	4.393320	-0.174861
119.163262	1.909804	-0.405674
117.404785	0.167863	-0.454634
118.379092	1.063218	-0.391692
123.371923	4.277471	0.000000
122.187403	2.854896	0.000000
122.467825	2.917929	0.171363
121.856128	3.051006	0.171363
120.247627	3.096418	0.000000
122.261720	1.783830	-0.517584
119.464926	0.223814	-0.842826
119.966275	1.629932	-0.783405
122.313976	3.657018	-0.674968
123.363288	4.614212	-0.458130
121.646146	1.962280	-1.094672
120.979403	1.997237	-1.255552
121.196354	1.591428	-1.420007
121.683211	2.494231	-1.133139
123.112087	2.483698	-0.786866
119.778333	1.080666	-1.080666
120.173122	2.242223	-0.688948
98.292454	2.193314	-0.171366
122.009736	3.320630	0.685453
123.587210	2.179320	0.688977
123.165067	1.675352	-0.556048
124.601354	2.007738	-1.059678
122.735015	5.175825	-1.378010
126.217485	5.060083	-0.349726
132.959446	3.275077	0.000000
122.511836	-1.245114	-0.339234
123.439738	-0.052456	-1.084156
127.016395	4.445783	-1.479440
126.150661	6.075437	-0.465126
128.508555	7.449171	0.538588
110.032108	-1.402468	0.000000
121.421049	-0.828872	-0.440655
127.623165	6.159865	-0.608517
127.181566	5.098600	-0.514090
130.178965	7.459417	0.174856
126.133366	1.094686	0.402180
128.127081	1.395467	-1.115634
126.111819	2.186321	-2.459332
128.829149	5.372678	-1.899364
128.881996	5.495512	-0.174860
129.231795	6.497824	1.650931
130.397172	3.166515	1.206599
129.650638	1.384987	0.000000
130.407729	3.877871	-0.552568
131.900621	5.498920	-0.342720
134.943122	5.896065	0.000000
141.479259	9.000277	-2.788364
135.244114	4.951122	-0.762400
135.957312	2.221318	-0.832378
137.758809	1.699893	0.657490
139.234928	5.787093	2.109246
145.445423	7.544229	1.734870
146.387894	7.756160	2.277331
141.701320	0.283276	2.833903
147.401904	1.717350	0.332230
147.257838	3.170032	0.451137
150.340544	4.010987	0.458129
151.968386	3.706107	1.909819
146.502043	2.046338	1.192655
156.892387	2.686866	0.223824
155.465596	5.425311	1.521473
158.150832	2.868863	4.245930
160.335555	2.256287	2.651836
161.742165	2.795293	1.311528
166.417351	1.140142	-1.598399
164.761287	1.647344	0.283263
165.482200	1.682396	3.481859
167.869843	2.676375	4.744203
171.168302	2.392751	3.593936
175.479815	0.514097	0.800888
173.928297	1.920346	2.445315
176.134323	2.189808	3.110578
178.316411	3.117573	3.685127
179.810686	2.046324	2.161811
181.733390	0.566548	1.643888
183.112043	1.479470	0.626007
181.129807	0.000000	0.916319
182.290175	0.398678	0.685458
184.640297	-0.111913	0.633018
187.054543	2.140764	2.196759
189.265582	3.534361	4.491440
191.053214	4.249503	4.989823
192.642778	1.899264	3.401162
192.703140	-0.391694	3.212152
195.411095	0.052456	1.395475
195.073551	0.171359	-0.517580
197.478714	0.171364	0.230818
195.686307	0.395189	1.531964
197.714592	0.730943	2.081315
201.513429	2.406778	2.182778
214.198546	1.381489	0.111907
206.718312	0.472136	0.765924
208.474917	0.566540	3.523805
208.917714	0.772897	4.200358
210.967186	1.049232	3.765745
210.567406	1.035201	-0.171359
213.821650	2.032298	0.118905
210.742784	5.797888	1.909868
211.520006	0.111910	1.465481
212.571474	0.605035	2.914464
214.715601	1.818876	1.654430
217.729289	1.885268	-0.055953
217.815810	1.888787	1.059688
226.493332	1.636896	3.215583
220.992303	-0.111908	1.633378
231.448570	-0.545576	0.765915
224.593059	-0.559544	0.111907
228.166936	-0.409174	0.000000
229.081702	-0.412662	1.829297
228.961311	1.678857	1.969265
231.765875	2.714747	2.935331
233.292689	0.888340	1.108701
230.623403	2.200287	-0.279778
229.189958	3.460704	0.171357
232.859317	0.993221	0.409162
233.508581	2.301709	1.496928
237.021701	1.692892	1.126172
246.829926	0.447641	0.111909
254.772882	0.559563	-0.447647
240.410651	0.678468	1.587921
244.782134	1.315089	4.232048
242.204990	1.259112	2.462823
246.680294	0.573531	0.171357
246.876606	0.171365	-0.115409
246.887283	0.797375	0.000000
245.453059	1.979814	0.451145
246.137409	3.078931	1.287042
248.041481	1.297545	2.144239
247.383047	1.325526	2.130236
249.075834	3.530912	2.021802
252.379949	2.312272	1.269585
250.829190	2.347207	0.171358
253.383495	2.823287	0.000000
252.848028	1.297552	-0.391683
253.067958	1.360514	0.055954
254.960674	1.423501	0.968766
256.937707	0.741411	1.315034
259.309954	1.427032	1.084217
257.646469	2.000730	1.259046
257.191963	2.858337	0.342720
258.498023	2.861830	0.342719
261.723318	1.710387	0.055955
259.708043	1.367501	0.167862
263.231909	0.451131	0.339221
262.691379	0.279774	0.730926
262.139109	1.650898	1.024728
262.454550	1.661411	0.972273
263.579746	1.199603	0.171360
261.993540	2.347218	0.000000
268.851791	2.914482	0.570064
261.898088	2.280686	0.000000
263.049110	1.706851	-0.398676
264.135601	1.416538	0.000000
264.416258	1.360509	0.167862
262.254634	1.196107	0.167863
263.936539	1.759329	0.622500
264.837976	2.567789	0.626007
264.586138	2.599226	0.055953
264.963484	2.508236	-0.055954
264.477708	2.802317	-0.171360
263.446749	3.334755	-0.744934
263.323679	3.324158	-0.629500
263.267053	3.622031	-0.458140
262.811413	3.583461	-0.965271
263.599976	3.923289	-0.451128
265.136359	3.471401	-0.055956
263.829684	3.569338	0.167860
263.601883	4.147649	-0.111906
262.485853	2.798769	-0.398669
265.858231	2.455827	-0.055956
266.865911	2.620347	0.055956
271.245457	3.709608	-0.167865
264.374373	3.590507	-0.111911
266.104498	3.320664	-0.055955
265.644912	3.418802	-0.227319
263.708182	5.028428	-0.339230
262.643603	5.242749	-0.395196
265.761085	4.445868	-0.681965
263.409491	5.228462	-0.451134
264.879366	3.474898	-0.626020
266.091559	3.912927	-0.167867
265.750505	3.643087	-0.055956
266.492987	2.273797	-0.339233
265.704542	2.602860	-0.223825
264.107413	4.537108	0.000000
263.683010	3.895467	-0.227323
266.661208	2.879312	-0.688942
264.829654	3.107087	-1.091210
264.355548	5.709894	-0.055955
263.098934	5.787105	-0.223817
263.632388	4.523163	0.000000
264.043248	4.274074	-0.510602
270.501613	5.119704	-0.055955
263.912000	5.411257	-0.688970
265.111716	4.186252	-0.916278
262.788768	4.060101	-2.399753
262.272329	5.326831	-1.979779
266.155463	5.664240	-0.692468
264.407751	5.358434	-0.055954
264.270408	4.729944	0.111907
265.910441	5.639601	-0.055955
265.761717	7.674599	-0.055954
266.660410	5.629160	-0.055956
275.719612	5.699446	0.111913
267.532913	4.919579	0.171362
268.781041	4.877452	-0.223820
267.819289	5.765918	-2.679739
267.716895	5.906746	-0.961777
267.348826	6.251297	-1.290555
269.864398	4.789712	-1.136656
271.314956	5.245996	-0.227313
273.453738	3.415338	0.000000
273.031571	5.337441	0.961774
273.143743	4.912590	0.674975
273.103627	6.349689	0.979229
275.636124	5.527203	0.000000
277.252770	4.091564	0.227311
275.907367	5.070618	0.111912
278.148827	6.124691	0.055955
278.247904	4.929967	-0.339219
279.737728	4.898375	-0.167860
279.039217	5.544597	0.111908
280.243783	4.989721	-0.468621
282.674981	3.962012	0.167867
281.334245	5.516708	0.678485
284.012598	4.873984	0.167866
282.580907	4.719440	0.283267
284.685761	5.425191	0.681961
284.448751	4.196923	-0.339233
285.635069	3.341777	0.279782
286.038448	4.196983	0.905831
295.861188	2.154740	0.167863
289.320918	3.632585	0.678484
289.555451	3.499401	1.031737
291.246090	2.819790	1.552896
289.610502	4.133632	0.339218
290.960140	2.154802	1.021245
292.305569	3.110573	0.055956
293.866499	3.338173	1.378011
293.689438	3.099911	0.629484
295.902653	4.154732	1.021216
295.840969	3.373250	1.084197
295.692647	3.212109	0.800884
298.535294	2.728760	1.308025
298.301708	3.289048	0.622490
300.290251	3.183980	1.021201
301.793759	2.333253	1.080688
300.719604	2.550348	0.566566
300.315908	4.523144	0.167868
302.837066	4.884599	0.458147
304.938407	3.072064	0.454648
304.063104	3.986450	0.632994
305.469666	3.376810	0.800899
306.337449	4.779133	1.364013
306.010898	5.418172	0.965261
306.807399	3.439702	1.318518
307.780194	2.760366	0.954782
307.995329	4.501997	1.535443
308.253824	4.456290	1.311524
307.826239	3.425809	0.055955
309.931394	3.040543	0.000000
310.027549	3.821704	-0.286766
306.100382	4.593155	-0.111908
308.005907	2.847904	0.111911
308.646801	0.846340	-0.563050
308.900505	4.638758	0.055954
309.158624	3.709617	-0.111910
311.456587	2.459321	0.055956
311.028521	3.891754	0.171358
314.061018	3.467829	0.395185
313.276130	2.270203	0.000000
314.135153	3.439768	0.111909
319.724642	4.179300	0.055954
314.033528	2.434806	0.395190
316.317271	2.847944	0.566566
316.749638	3.590451	0.339228
318.125951	2.924914	0.171362
318.319377	3.138505	0.111909
317.979984	4.344177	0.342727
319.483612	1.976285	0.563051
320.111717	2.774336	0.339227
322.967101	4.217821	0.398673
321.724861	2.287817	0.626022
322.422701	0.335726	0.391681
320.788332	3.149028	0.559554
320.215534	2.312256	0.674969
320.600418	2.452333	0.055956
321.114625	3.611456	0.000000
321.557568	3.380220	0.000000
326.107733	3.092912	-0.171357
330.195804	2.284237	-1.199607
322.132358	2.791801	-0.339222
324.166353	3.741024	-0.111906
323.658640	4.519399	0.055953
324.432887	3.411840	0.111912
324.585067	3.562480	0.451148
323.630095	3.478350	0.681969
324.659761	4.186227	0.279767
324.940288	4.519657	0.171366
327.350613	3.383704	-0.111909
325.153721	4.011114	-0.055956
325.716641	3.306694	0.111911
324.027388	3.292728	0.111912
326.717805	4.463292	0.279768
324.010431	4.719440	0.283267
323.034248	5.607913	0.171361
323.807255	4.824806	-0.398681
319.048628	5.439330	-6.522381
320.126394	4.024975	-0.744903
320.883637	5.144221	-1.014226
324.422130	4.277476	-0.626000
323.513402	4.452886	0.000000
325.390240	4.435375	0.339230
324.143763	5.070618	-0.111912
324.247320	5.428717	-0.111909
328.504551	3.664138	-0.454650
323.107596	3.944460	-0.454641
324.972704	3.720077	-0.171360
323.076273	5.368872	-0.111907
324.680722	4.228478	-0.507103
322.899577	3.604459	-0.171361
322.486139	5.481440	-0.454638
322.712671	5.776531	-0.451133
321.181247	5.088172	-0.797396
321.480576	4.607281	-0.975766
321.651247	4.487983	-0.678470
322.101638	4.326666	-0.793893
321.458966	4.593076	-0.961740
318.615830	4.845854	-1.080689
319.456014	4.323076	-0.622504
320.113773	4.049508	-1.080666
319.663677	4.077596	-1.129646
316.586158	3.969031	-1.077210
317.812544	4.165332	-0.909309
318.861990	4.747728	-0.846370
320.507291	4.572183	-0.944284
319.143660	3.527318	-1.038700
318.103786	4.161778	-0.965261
324.629428	4.319541	-0.678458
321.277289	5.228568	-0.685467
314.333971	4.309017	-0.744908
318.755000	4.158243	-0.454632
315.418860	3.881323	-1.252084
314.510120	3.993519	-1.024729
321.365552	4.736983	-0.563044
324.378432	4.866839	-0.514083
313.884726	4.333550	-1.080670
311.189871	4.887935	-1.416486
313.542285	5.411349	-1.535493
315.120868	3.685142	-1.301088
314.776200	4.326731	-0.965291
315.029085	3.807767	-0.919806
314.431216	5.748523	0.000000
316.668253	4.842449	-0.510604
313.389691	4.445756	-0.793863
313.960568	4.305686	-0.846369
315.841676	4.182915	-0.451148
313.835304	5.084540	-0.167864
313.408297	5.245996	-0.227313
312.818947	4.217820	-0.748402
315.635066	4.944191	-0.965275
312.515788	4.628279	-0.912798
312.679681	4.909026	-0.402177
310.508568	5.945198	-0.563038
307.189347	4.831794	-0.965260
311.762461	4.617826	-0.909314
309.090452	4.975845	-0.968785
316.354425	4.526542	-0.395183
309.264528	4.049575	-0.510591
310.044580	4.758014	-0.741404
308.606228	5.382938	-1.199588
309.869599	4.354719	-0.629510
310.702300	3.629063	-0.342731
313.812813	4.039143	-0.454644
308.399427	5.228634	-0.622521
308.765762	5.060130	-0.678486
308.953526	4.572083	-0.797368
308.475733	4.393340	-0.633013
308.268245	4.474044	-0.223825
306.605479	5.186330	-0.793874
306.074815	4.326658	-1.021238
305.489406	3.909266	-0.846323
305.537543	4.259978	-1.133157
306.084212	4.789802	-1.252112
308.580199	3.509794	-1.552906
303.367946	3.376662	-1.315028
303.678554	3.790203	-1.203116
301.512085	4.810858	-1.601944
303.857613	3.155984	-1.664856
301.387954	4.544022	-1.133140
301.783276	3.990115	-1.308093
299.680961	4.751186	-1.073713
299.436361	4.091793	-1.133191
298.807532	4.860014	-1.126188
297.225059	5.232109	-1.262597
297.550107	5.175949	-0.737937
298.506914	3.702581	-1.308055
297.945368	3.814814	-1.878357
299.768286	3.902426	-1.297583
297.039464	4.021583	-0.629509
297.981772	2.910837	-1.367495
298.235137	3.923461	-1.647423
296.021931	3.299660	-1.706874
295.011149	3.608070	-1.486507
295.199015	3.762160	-1.570426
294.027791	3.590435	-1.594911
296.357090	2.301777	-1.909825
296.395442	2.858373	-1.426993
294.722799	2.497777	-1.531947
292.817916	2.707853	-1.409520
305.301553	2.056725	-1.713825
296.362455	1.993814	-1.594935
293.519815	2.168737	-1.084174
292.597058	2.511796	-1.196130
292.941650	2.161765	-1.650893
292.800968	0.860321	-1.664857
292.709384	1.594936	-1.252103
291.560287	1.475985	-1.531959
291.126700	1.087676	-1.031712
290.996003	2.049788	-1.252092
289.930942	1.773312	-1.259057
290.001674	2.448792	-0.965275
296.174085	2.861818	-0.972241
287.203113	3.082511	-1.367531
285.263124	3.457225	-1.416467
287.399487	3.965372	-1.356999
283.350209	4.870555	-1.657933
282.981513	4.673928	-1.535449
282.170245	4.979335	-1.315076
283.707292	5.053112	-0.961795
281.603133	4.203974	-0.629519
280.521112	4.487953	-1.304555
280.715327	4.916160	-1.654426
279.225722	4.912534	-1.710366
280.757802	5.699474	-1.664941
279.607393	5.274254	-1.657912
276.795277	6.110809	-1.252121
277.960359	6.001517	-1.255563
278.614032	5.232137	-1.248611
276.800380	5.351309	-0.447630
276.594474	5.098751	-0.685481
276.362551	4.175905	-0.507107
278.849211	4.263529	-0.622515
275.305147	5.204044	-1.024745
275.468879	4.828229	-0.800865
276.448386	4.751256	-0.507113
277.223015	4.259932	-0.744910
273.592397	4.663299	-0.451132
273.114552	5.537783	-0.797401
270.950783	5.154916	-0.846367
270.452688	5.678270	-1.245105
270.935767	5.439189	-1.084171
269.278565	5.197091	-0.797406
270.223450	6.177596	-1.094703
271.166915	4.358042	-1.356987
269.238353	5.748395	-0.737910
270.359421	4.543980	-0.737906
269.220358	5.056488	-1.031724
267.142099	5.924392	-1.021250
266.370041	6.399157	-1.311559
264.724310	6.765074	-0.849822
264.488038	6.539966	-1.371033
263.934466	6.751149	-1.073692
264.337085	6.895481	-0.681956
263.102657	7.812489	-0.685471
272.276501	6.110835	-1.392054
269.938330	7.029296	-1.031699
262.346594	7.117354	-0.514077
260.749778	7.639461	-0.115407
262.955474	7.886591	-0.734433
260.604968	6.465822	-1.035191
260.017510	7.974907	-0.842861
260.403818	7.114131	-0.912814
267.390348	6.638412	-0.846337
261.986126	7.406531	0.000000
258.301854	7.607651	-0.734421
260.529310	6.543474	-0.503602
261.071774	5.811719	-0.395180
260.703180	7.018835	-0.559553
258.946601	6.920209	-0.678465
259.150443	7.237288	-0.681955
259.633194	8.250233	-0.912789
259.443697	8.289343	-0.111911
257.652798	8.731381	-0.342731
258.538643	7.872596	-0.507109
264.817521	8.239839	-0.220325
258.750235	7.681734	-1.010726
258.072681	8.586322	-0.790399
258.450670	7.974969	-1.028246
257.363902	7.681628	-0.563041
258.481583	8.087659	-0.849828
257.891470	8.327874	-1.556394
260.031050	7.194965	-1.864289
264.105195	8.883654	-1.598461
256.941265	8.123360	-2.238820
257.547301	8.306820	-2.494254
255.986247	8.522730	-1.797884
256.865794	8.624882	-2.403204
255.881331	9.482342	-2.102327
258.136305	8.611115	-2.130311
258.259647	8.077067	-2.833812
257.291327	8.296095	-2.123224
257.234029	8.497943	-1.916846
258.617398	7.840747	-1.549460
257.864212	8.313994	-0.685466
259.358959	7.999449	-1.122655
258.176365	8.508439	-1.413010
259.571771	7.509084	-2.147813
257.523156	6.962717	-2.105835
258.394268	8.066586	-2.392751
258.755504	8.334918	-1.874767
257.228082	8.338783	-2.749864
267.921551	8.049056	-2.259786
261.162552	8.006789	-1.584462
258.985615	8.197407	-1.531958
263.339512	7.519444	-2.497752
257.616306	7.872604	-2.791920
260.558633	6.952084	-3.068551
258.830273	9.000325	-3.180599
258.160216	7.953572	-3.082481
270.459065	7.664179	-2.602799
259.556928	8.918862	-4.761670
258.507275	8.904428	-4.466814
259.943318	8.303498	-4.053180
260.686737	8.123285	-4.309157
260.703431	7.198424	-4.172203
262.517806	7.516176	-3.636098
262.246829	6.902449	-5.130085
259.952287	8.246803	-3.884838
261.782433	9.343799	-3.884820
262.196569	8.307062	-2.455821
262.561943	8.724089	-2.270244
259.950262	9.191311	-2.385719
267.282389	8.321258	-2.781425
261.455718	9.145550	-2.739368
260.673547	10.209816	-1.070205
262.321639	9.010605	-2.242201
263.255930	8.819636	-2.872365
262.671196	9.588365	-3.863761
264.909937	8.734616	-3.313615
262.840042	9.113335	-3.446715
264.429150	9.886705	-3.376784
263.214909	9.248014	-3.373169
262.591735	9.393687	-3.040542
263.540800	9.957898	-3.667672
264.756644	8.395125	-4.039025
264.693575	7.128215	-4.575724
263.953704	9.205800	-3.783255
266.665644	8.656714	-4.803629
266.888632	7.004720	-5.059941
266.217081	7.558296	-3.628987
267.427045	7.410077	-3.443249
266.508059	7.431178	-4.891392
269.072676	6.606789	-3.607962
267.322779	7.075192	-3.446760
268.212215	7.925513	-3.313732
268.791530	6.870747	-3.166476
270.703359	6.430889	-3.037007
277.436968	7.004639	-2.403212
269.626943	6.472928	-1.923774
272.510211	6.842901	-2.217815
269.756380	7.713512	-2.697299
272.839212	7.325377	-2.606236
272.511380	7.195115	-2.392768
273.295984	6.279676	-1.860876
273.092378	7.205902	-4.438997
276.336953	8.024313	-2.511798
274.664734	6.437693	-1.948255
272.383292	8.034902	-3.180590
272.054511	8.356541	-2.756895
272.890826	7.904295	-0.786900
281.166811	7.671014	-1.301026
276.192616	6.863738	-1.710339
274.942567	8.578922	-1.605377
276.360392	8.236331	-2.109305
277.591607	7.413932	-2.270332
277.190397	7.879540	-1.353545
277.599364	7.635893	-1.136650
277.475650	8.102095	-1.021247
278.507429	8.532986	-0.741408
279.659178	8.342156	-2.291240
281.692673	8.540511	-2.455853
281.659197	7.918406	-2.819897
280.591437	8.614365	-1.647373
284.907063	6.715783	-1.601874
283.980574	7.124448	-2.385710
285.136983	7.554986	-1.517991
284.695282	7.120896	-2.784775
285.157432	6.596254	-3.089507
285.686089	6.937959	-2.973980
286.868243	6.554118	-4.726629
286.906325	6.568094	-5.123201
287.651030	6.751295	-4.530146
287.951630	6.849853	-4.295097
296.658575	6.627939	-3.334695
287.529577	7.653752	-2.826929
288.987737	7.082331	-2.221267
288.848326	6.874398	-1.867810
289.045231	6.930777	-1.643891
289.757376	7.029608	-1.402537
288.326926	7.526489	-1.601899
288.883944	8.137080	-2.588728
288.314635	7.731408	-2.529342
288.028153	7.734859	-2.284295
288.121170	7.787561	-2.567745
288.802668	7.918214	-2.553754
287.031034	7.741620	-2.399708
287.593126	7.752559	-2.214311
287.396123	7.470304	-2.273814
295.200587	8.250181	-2.455722
298.916464	8.533297	-3.005505
287.723987	7.678361	-2.550310
289.004846	6.860250	-3.590398
287.479639	7.434915	-3.653554
287.495909	7.953692	-3.657066
294.925159	7.420678	-3.359179
287.887035	6.589191	-4.004019
291.095142	7.135227	-3.961985
285.188776	7.152952	-2.490825
285.216333	6.145789	-2.308747
286.276126	6.920055	-2.714752
294.462367	5.611345	-1.696349
285.802990	6.839091	-1.689349
285.873585	7.131524	-2.522232
283.991217	8.077136	-2.893362
284.403269	7.191445	-1.650866
283.400664	7.501948	-1.416514
283.930514	7.181100	-1.860850
283.627755	7.371361	-2.280754
285.175297	6.987082	-1.091170
283.319652	6.247982	-1.514488
283.585457	6.677007	-1.650842
283.663562	7.082315	-1.937804
283.416056	6.451821	-2.088242
283.247213	5.766141	-2.221287
283.014566	6.504820	-1.636925
281.000623	7.318523	-1.073701
282.044838	5.977123	-2.102311
283.014280	6.093003	-1.419984
282.953452	5.235619	-1.535461
281.773560	6.529329	-1.699868
283.173619	6.596099	-0.734411
281.703064	7.173858	-0.398676
283.561272	4.930115	-0.846349
283.247060	5.716700	-1.941246
280.551728	5.175893	-1.346545
282.895274	4.221393	-0.909300
280.559347	4.347638	-1.598407
281.068794	6.004976	0.055953
279.598143	5.109147	-0.734427
280.726027	4.698463	-1.601912
281.750588	5.098712	-1.455009
276.899948	5.636067	-0.681969
276.563607	6.230407	-1.140183
285.648211	5.340956	-1.133165
275.527473	4.649250	-1.073673
276.055168	5.720355	-1.084183
275.407095	6.237418	-1.427025
275.302452	5.709872	-0.909308
274.094066	5.548207	-1.028227
272.638548	6.230152	-1.252069
274.236321	5.463706	-0.447629
273.473655	6.075298	-0.874302
274.511415	5.523497	-1.031704
271.803667	5.650069	-1.080686
270.833188	5.629048	-0.965272
272.171876	4.838755	-0.737910
271.215804	5.889181	-0.563061
273.472845	4.217881	-0.681961
271.306936	4.926671	-0.514100
278.831890	4.435354	-0.737925
269.290107	5.063540	-0.395187
269.128481	5.010752	-0.671461
269.630185	5.639547	-0.681964
266.430083	5.629096	-0.279779
268.174671	4.800151	-0.339222
266.854606	5.098600	-0.514090
266.657570	4.814318	-0.451144
266.404486	4.758099	-0.912796
265.745614	5.070387	-1.381480
274.031323	4.951053	-1.035197
262.741114	4.898501	-1.206612
262.262618	5.857610	-0.458145
261.876380	5.537536	-1.822298
260.360968	5.425349	-1.367556
260.681500	5.435806	-1.028232
259.087960	5.636067	-0.681969
257.573590	5.808293	-1.136663
258.193809	5.277848	-0.783413
256.188728	6.381362	-0.744898
255.261099	6.363821	-0.849828
255.869154	5.720330	-1.266068
254.840538	6.518755	-1.024720
253.419543	6.501180	-0.674968
254.212075	6.349700	-0.741402
255.195637	6.663038	-0.111908
254.408540	5.351535	-0.849856
253.133931	5.674816	-0.849863
253.686569	5.225015	-0.398680
252.949246	6.085881	-0.451129
253.627229	6.008577	-0.517582
252.817944	5.355098	-1.010759
252.494045	6.012275	-0.167867
252.847680	4.712371	-0.465116
252.404276	2.749843	-1.007241
251.353533	4.874038	-1.073716
249.851746	5.214514	-0.790390
249.467589	5.073910	-0.510582
247.609270	5.063455	-1.031713
248.911715	4.473862	-0.846333
248.238511	4.365282	-1.357057
251.424489	3.008864	-0.734405
246.380529	3.990028	-0.503603
246.084851	3.618462	-1.073689
245.712661	3.355617	-0.849821
246.332248	3.604564	-1.199651
243.260906	3.972588	-0.804399
244.331079	2.294753	-0.972258
240.903267	3.706001	-0.797362
241.386161	3.951539	-0.916321
239.944987	3.601064	-1.028253
240.149996	2.903860	-1.024713
238.439387	3.362693	-0.968757
238.144564	2.308757	-1.126161
236.423719	3.131474	-1.706843
236.914069	1.769888	-1.311582
236.526645	3.303230	-1.535475
250.427563	2.812821	-1.664867
234.895645	2.179293	-1.832856
233.766064	1.489950	-2.007770
233.077608	1.937801	-2.109269
232.856961	2.266810	-1.584457
233.473142	0.793866	-1.818794
233.718296	1.990283	-1.364020
231.492181	0.335721	-1.860770
230.626955	1.070199	-1.353534
229.745945	1.196136	-1.367543
229.686691	2.459268	-0.972261
229.879513	1.496949	-1.094673
228.819988	3.166509	-0.517581
230.579930	1.867808	-1.245083
230.683052	3.366242	-1.423507
228.704021	3.082461	-1.084176
227.398970	4.459779	-0.342716
228.859225	2.333291	-0.510601
228.259054	2.889841	-1.077174
229.449608	3.008925	-1.416487
236.746559	3.043934	-0.786879
246.243530	3.341694	-1.357030
230.134207	2.809406	-2.406806
228.164754	4.025052	0.171361
227.919734	4.273931	0.692444
226.717184	3.054417	0.451131
227.753394	2.536322	-0.223823
226.906780	3.881401	-0.797395
226.776165	3.593917	-0.398677
225.400375	5.031977	0.171364
226.068953	5.467537	-1.836382
226.074645	5.404238	-1.318573
226.935335	5.165492	-0.395196
226.506200	5.390100	0.000000
227.104999	5.917271	-0.167865
226.567680	5.453492	-0.849870
225.424002	6.420286	-0.800883
227.908096	4.056556	-0.503592
226.888206	5.664241	-1.129678
227.933213	5.808403	-1.080718
226.698588	5.720312	-0.167862
226.156183	5.699446	-0.111913
227.701458	5.074090	-0.167866
227.882040	4.523163	0.000000
227.281260	5.109142	-0.972260
226.787323	4.894862	-0.681946
227.639755	5.112730	-4.937194
226.673680	4.628402	-0.510606
226.568068	4.852801	0.000000
233.687202	4.459851	-0.111908
226.632340	4.828408	0.000000
227.815076	4.884456	-0.055955
228.427994	4.554496	-1.122635
227.799207	3.478329	-0.951275
226.824274	3.478357	-0.227319
228.869082	4.028521	-0.678460
226.570642	3.716564	-0.685455
Calibration score: M89.00Q8H6V1
Failed Calibration. Please Repeat Calibration!
Calibration duration = 108 seconds
M89.00 = Magnetic influence is acceptable
Q8 = Magnetic field is uniform
H6 = Incomplete horizontal rotation
V1 = Low pitch/roll
Recommendation(s):
Repeat calibration with two complete horizontal rotations. The required duration of the compass calibration is between 1 and 2 minutes.