Serial Number: 4602

Heading		Pitch		Roll
253.286343	2.550238	-0.451132
253.760020	1.916808	-0.958270
253.622709	2.714808	-0.678464
253.788257	2.777792	-0.451132
253.777274	2.851375	-0.681965
254.024343	3.114032	-0.688963
255.271298	3.492285	-0.342720
253.856580	3.327717	-1.031733
254.318854	3.474892	-0.055956
254.407381	3.348793	0.111913
252.308789	4.238841	-0.111907
253.015228	2.879323	-0.223815
252.199721	3.138583	-1.024742
247.664466	2.200274	-0.958275
245.112656	2.347227	-1.084173
244.847265	2.336782	-1.367538
244.499063	2.795288	-1.825793
243.189664	1.934286	-1.308044
243.490514	2.287799	-1.430517
243.391107	1.986762	-1.531921
240.273108	2.217801	-1.248612
239.941115	2.158240	-1.419980
237.768348	2.235321	-1.490004
234.678086	3.250711	-1.857378
234.985743	2.459306	-1.430515
235.750174	2.060269	-1.542433
235.867587	1.657854	-1.545903
234.474381	1.486428	-1.829286
232.096538	1.703412	-1.986836
240.601988	1.423505	-2.392778
230.506667	1.371021	-2.515272
230.185130	2.053254	-2.112744
227.711603	2.067313	-1.951834
227.735741	2.235196	-2.406693
225.966698	2.340324	-2.396328
225.430257	2.525820	-2.123306
224.905490	2.424208	-1.916764
224.583739	3.043890	-1.521408
222.610154	3.310248	-2.165319
223.877923	3.657014	-2.112763
221.317763	3.341775	-1.811881
222.302021	3.464357	-1.587941
219.294559	3.099962	-1.972766
218.940119	3.341647	-1.983265
217.232478	3.001995	-1.867850
218.150500	2.809404	-1.948334
214.483774	2.924914	-2.007793
214.963889	2.522332	-2.119817
211.524498	2.917877	-1.829316
212.074489	3.029891	-1.542403
211.151917	2.791790	-1.594883
209.163290	2.882874	-1.979785
206.824216	3.121112	-2.252825
203.310614	3.184089	-2.102288
205.450268	2.889829	-2.606237
201.708926	2.448803	-2.847913
199.747259	2.728804	-2.900371
197.775776	2.907340	-2.735774
198.842126	2.784843	-3.355704
181.324846	2.032226	-3.558812
161.780798	1.881796	-3.022925
158.158144	2.245738	-3.166522
155.188585	1.990346	-3.643110
153.394188	2.042779	-3.292648
150.089287	2.273818	-3.643106
147.118649	1.647396	-4.551111
145.507590	2.035793	-4.477463
134.598099	1.885337	-3.432817
128.707388	1.752363	-3.621998
127.217073	2.322717	-3.916315
123.275302	1.091156	-3.159467
120.669425	0.626016	-2.847914
117.758550	0.741432	-3.026505
98.319873	0.566538	-3.583358
89.161230	0.629519	-2.690382
88.299395	0.339220	-2.497712
89.406089	0.570060	-2.221306
87.601313	0.629491	-2.175719
84.874370	0.570033	-2.291195
84.775236	0.741406	-2.231714
84.945027	0.800863	-2.116229
81.864527	0.514089	-1.885308
81.683368	0.451143	-2.266777
78.599358	0.786880	-2.539751
65.204363	0.737934	-2.441799
78.869739	0.629515	-2.116309
78.363463	0.458134	-1.892314
76.058758	0.055953	-1.654354
76.304673	0.458136	-1.776855
76.077287	0.458134	-1.783846
71.806412	0.342717	-1.493425
70.299614	0.055954	-1.199608
73.610352	0.167863	-1.017718
73.549851	0.451133	-1.129644
75.884556	0.846350	-1.357036
73.081975	1.024712	-1.423477
73.997748	1.031726	-1.378024
71.959504	0.744906	-1.322025
71.560363	0.744924	-1.087694
73.046768	0.797390	-1.371038
74.810077	1.021226	-1.248587
73.917653	1.077213	-1.304583
77.872308	1.133183	-1.248617
75.740576	1.367488	-1.136626
77.178260	1.315068	-1.087699
78.137783	1.143620	-1.028196
80.183778	1.140163	-0.912808
77.708764	1.070227	-0.674989
80.179708	1.412993	-1.014227
82.574948	1.892335	-1.318565
81.552675	1.745355	-0.870828
78.492328	0.748395	-0.458122
82.799755	0.507087	-0.223815
83.141856	0.839368	-0.391694
85.009755	1.406001	-1.014230
87.380076	1.210121	-1.035228
86.460945	0.521078	-1.101661
88.743926	-0.055955	-0.454635
90.812726	0.279776	-0.279776
93.111467	0.559561	-0.786895
93.746707	1.458482	-1.283573
83.368219	0.000000	-0.461630
95.942672	-0.339231	0.111911
98.434054	0.223824	0.055956
97.228115	0.793897	-1.021246
100.675988	0.580538	-1.217102
102.598395	0.468633	0.818378
103.598655	-0.223822	0.678475
105.086401	0.000000	-0.447641
106.537933	0.566554	-0.793888
110.117989	0.748419	-0.055955
106.700580	0.000000	0.342728
109.435573	-0.111910	0.395185
110.907939	0.167862	-0.510586
112.759580	0.517597	-0.458142
116.296044	0.000000	0.000000
116.112829	-0.111912	-0.111912
118.248850	0.227320	-0.171364
118.995357	-0.279778	-0.167866
123.091940	-0.223819	-0.395182
121.463718	-0.339231	0.055955
119.848120	-0.283277	0.000000
124.649370	0.000000	0.055956
127.146180	-0.398682	0.000000
117.697848	-0.577055	0.346229
130.959750	-0.510586	0.167862
130.346405	-0.395185	0.055955
134.871412	-0.227321	0.000000
133.840974	-0.283275	0.167866
135.628239	-0.111912	0.055956
138.659784	0.000000	-0.111913
136.068329	0.000000	0.000000
138.097526	0.000000	0.111913
139.393772	0.000000	0.111913
140.199813	0.227321	0.111912
140.683870	0.454635	0.111909
142.860788	0.737928	0.055955
143.030785	0.909325	0.000000
143.269803	0.905828	0.055956
145.429867	1.304574	0.055955
146.380855	1.430520	0.111912
148.022334	1.374497	0.111908
148.907729	1.311565	0.111911
149.428678	1.140166	0.111911
152.248686	1.136670	0.111911
153.480759	1.136671	0.055956
154.616061	1.367506	0.055954
153.476014	1.192615	0.055954
156.026770	1.136670	0.111911
158.659680	1.084157	0.000000
155.837952	0.797375	0.000000
156.335780	0.797375	0.000000
160.428217	0.510587	0.111908
160.884010	0.454635	0.111909
161.409453	0.398682	0.111910
164.188774	0.339231	0.055955
164.130503	0.227321	0.000000
167.285217	0.111912	0.055956
167.968794	0.227321	0.111912
167.947255	0.111913	0.000000
170.333579	0.283277	0.000000
171.710197	0.227321	0.111912
171.226452	0.283277	0.000000
174.191068	0.570036	0.055954
174.363154	0.741425	0.055955
174.067789	1.024716	0.055954
177.498750	1.196112	0.000000
180.266171	1.594924	0.111910
180.052731	1.650856	0.111907
180.815761	1.941285	0.283270
182.313179	1.937790	0.283270
182.215609	1.934310	0.167865
183.310810	1.990337	0.283279
185.090786	2.165229	0.111908
187.263097	1.990337	0.283279
186.950406	2.277276	0.398684
188.106047	2.221211	0.454627
191.575444	1.878348	0.395190
192.776673	1.699871	0.339227
193.985607	1.937805	0.167865
193.353394	1.776804	0.629488
196.925921	1.601912	0.171362
198.226018	1.654352	0.111907
198.335863	1.357013	0.167862
199.846191	1.881856	0.339235
202.273211	1.773394	0.283279
204.323761	1.713842	0.398674
206.850914	1.608957	0.458148
205.426259	1.587955	0.566564
206.963098	1.475937	0.395175
207.256159	1.881856	0.339235
210.943346	1.423506	0.339230
218.624952	0.734425	0.674969
211.366809	1.657934	0.685480
212.896710	1.587886	0.451131
214.320447	1.479421	0.454623
214.652345	1.475926	0.451127
216.283533	2.294779	0.685468
218.221247	1.304578	0.622518
217.932120	1.357016	0.902298
218.239942	2.235188	0.458120
222.266142	1.063230	0.279782
221.453623	2.056770	0.626003
228.534064	2.228273	0.626010
223.052145	1.899365	0.633019
224.770934	1.430477	0.458130
223.824076	1.878360	0.339235
226.350135	1.364008	0.111908
227.037868	1.374497	0.111908
230.037006	1.710347	0.398675
228.402466	1.192613	0.111909
239.921541	1.482964	0.000000
233.605440	1.766309	0.167860
229.814087	1.189118	-0.055955
232.783877	1.367507	0.000000
230.820617	1.920329	0.167866
236.921376	2.189765	-0.769402
233.051152	1.605408	0.171361
233.673699	1.584391	0.451131
236.141754	1.881829	0.454640
236.272898	1.997327	0.283277
235.689243	1.937810	0.111910
236.077880	1.755829	-0.055954
237.232414	1.717379	0.000000
236.830884	2.238744	0.171360
239.138719	1.140168	-0.055955
239.648779	1.409459	-0.055953
242.330743	1.570453	0.111911
240.399833	1.063177	0.055954
241.847518	1.360491	-0.339218
240.890811	1.878360	0.339235
241.212474	1.454985	0.223820
243.261207	1.650852	0.167860
242.705681	2.217717	0.454628
244.764886	1.437450	1.049182
245.292304	2.525815	0.342730
245.077767	1.297572	-0.223821
245.258232	2.315759	0.171362
245.271321	2.147751	0.167863
245.101608	2.354205	-0.055953
246.162377	1.692897	-0.223822
244.995994	2.553811	0.000000
247.799708	3.383650	0.342717
247.193104	3.436241	0.283269
245.991350	4.284445	0.000000
247.869125	4.210940	-0.111911
248.422642	3.495838	0.000000
250.348857	2.725265	0.339220
252.218934	2.567740	0.339222
250.800250	2.739354	0.797388
250.250614	2.378799	0.171364
252.669065	1.941262	-0.398673
254.301082	1.871369	-0.339237
252.216426	2.284320	0.000000
254.506196	1.937813	0.055955
255.715474	2.280770	0.398683
254.446178	2.221254	0.283271
255.424190	2.452292	0.339231
256.287872	2.490767	0.055955
255.274842	2.574727	0.342717
253.754259	2.609821	0.339231
256.186899	2.560767	0.283270
258.176362	2.165233	0.000000
258.147545	2.245743	0.000000
258.756153	2.602716	0.115403
262.784953	2.165196	0.339217
259.149031	1.969236	0.335720
259.870771	2.333237	0.111909
261.148279	1.661346	0.000000
261.017192	1.860802	0.000000
260.407740	2.466311	0.000000
263.699202	2.284320	0.000000
264.890847	2.795309	0.283268
262.718529	3.061484	0.167865
263.481278	3.667518	0.055954
265.251899	3.121050	-0.055955
265.077328	3.061443	-0.339223
263.666451	3.968989	0.171363
266.969786	3.597451	0.283272
268.094073	4.011114	-0.055956
266.101044	3.986568	-0.454646
268.488016	4.112768	0.111911
268.538346	3.912942	-0.055956
269.455234	4.382610	-0.055953
269.439900	4.214362	0.339225
269.567862	4.586183	0.111909
275.170198	4.614351	0.111912
272.611295	5.347967	0.171362
273.901216	4.628419	0.797403
273.504969	3.870805	1.119163
273.167469	3.769182	0.626008
274.652987	3.471403	0.000000
275.470439	3.762191	0.111910
274.713646	4.161761	-0.398677
275.598910	4.277463	-0.111908
277.597761	3.061443	-0.339223
274.130969	3.184092	0.111911
276.008823	3.026389	0.000000
277.486455	2.938892	-0.111909
277.085303	2.861880	-0.055955
277.309412	3.310262	-0.510609
277.219315	3.026478	-0.454640
278.533527	2.774276	-0.507085
285.787071	3.327773	-0.391697
277.142368	3.005435	0.000000
277.247075	3.622062	0.744934
280.224113	3.194473	0.454623
278.370527	3.614930	0.171359
277.603109	4.253010	-0.688966
279.058710	3.397644	-0.678447
279.828111	3.117535	-0.223821
279.716690	3.401159	0.111907
279.438734	3.226189	-0.111913
280.414933	4.018052	-0.930290
282.811165	3.163111	-0.688973
281.185004	3.404655	-0.055953
283.534927	3.120942	-0.793863
284.662217	3.187590	0.000000
283.767371	3.187590	0.000000
284.290709	3.345104	0.000000
283.157815	3.005422	-0.167863
284.937690	3.583408	-0.793876
288.938805	2.889910	-0.451143
285.850901	3.509794	-0.111908
286.993473	2.900465	-0.167869
285.333013	3.888265	-0.171358
287.817819	3.982962	0.000000
287.531382	3.649981	0.398677
288.168758	4.354708	0.111910
289.815272	3.443264	-0.055954
287.563459	4.067106	-0.342723
291.703247	3.268088	-0.111908
290.044866	3.888425	-0.398689
291.094822	3.103577	-0.167868
288.899657	3.509794	-0.111908
292.378446	3.474784	-0.454632
292.891351	3.986456	-0.626000
291.682982	3.783245	-0.458141
290.262563	3.593942	-0.339227
292.274182	3.162954	0.000000
291.679031	3.614944	0.055954
290.908740	3.639484	-0.454634
291.039915	3.625490	-0.517589
289.595336	4.070623	-0.685460
291.636962	3.474892	0.055956
293.317985	3.205048	0.000000
292.058549	3.639592	-0.111912
291.687866	3.348774	-0.223825
292.950844	3.054499	-0.167866
294.037565	2.802324	-0.111908
293.197606	3.219186	-0.227323
293.977338	2.634294	-0.685461
293.696590	2.865305	-0.398671
294.096184	2.452237	-0.510588
293.298397	2.508335	-0.737942
293.981703	2.168811	-0.741437
294.318378	2.280689	-0.625987
293.933799	1.990317	-0.737933
302.048735	1.871333	-1.021236
291.394875	2.161828	-0.965293
294.565685	2.228216	-0.398673
295.173285	1.990239	-0.055953
294.744772	2.168727	-0.055954
296.217000	2.347267	-0.514093
296.690168	2.277192	0.000000
295.385641	2.448836	0.111913
297.099293	2.063753	-0.111908
297.170348	2.452335	0.000000
297.939927	2.081306	-0.982768
297.225576	2.175811	-0.342732
297.974359	2.284320	0.000000
303.468220	2.900427	0.339232
300.578820	3.008922	0.111908
306.872836	3.145489	0.111908
301.430395	2.847910	0.000000
301.988255	2.739405	-0.339237
302.258508	2.819851	-0.517587
302.433504	3.071949	-0.227314
302.937368	3.075465	0.000000
304.687191	3.639599	0.000000
305.777799	4.028551	0.111909
305.879873	3.856878	0.055956
305.381601	3.292733	0.055956
307.632645	3.327588	-0.342715
307.735410	2.816358	-0.517589
308.425105	2.648295	0.055955
308.779428	2.921421	-0.171363
308.072002	2.623737	-0.510582
309.521701	2.774384	-0.055956
307.637201	2.599341	0.339234
308.702510	2.774352	0.279776
308.620015	3.432791	-0.055955
309.434614	3.786595	-0.227311
313.032449	3.779644	0.055954
311.427910	3.758692	-0.167866
310.776179	3.891769	-0.055954
308.247119	3.688457	0.055953
309.521435	3.765681	-0.111910
309.909505	3.933882	-0.626002
310.431827	3.565889	-1.073685
309.218243	3.776239	-1.028239
310.454723	3.411778	-0.965271
308.794184	4.014442	-0.514079
311.165900	4.067014	-0.514077
311.522014	3.586911	-0.454633
310.546897	3.695583	-0.737925
310.329105	4.270586	-0.510604
311.038017	4.316096	-0.629504
312.744460	3.772599	-0.342718
312.337120	3.926776	-0.454623
310.800561	3.989923	-0.909285
312.089341	4.214303	-0.454627
312.104843	3.948056	-0.171367
314.125885	4.463337	-0.111908
314.638147	4.151365	-0.227322
313.897607	4.470411	-0.514090
313.644890	4.270478	-0.167864
312.848469	4.000398	-0.111906
311.505279	4.270494	-0.055955
311.732444	3.432791	-0.055955
312.072116	3.755203	0.167867
312.459228	3.474879	0.167867
312.145365	3.107046	-0.279778
312.380114	3.134975	-1.136636
311.336422	3.023026	-1.311583
311.535300	2.431293	-2.147792
309.834820	2.445313	-1.136677
308.548965	2.333190	-0.737902
310.068243	1.934311	-0.909306
313.256977	2.046278	-1.419995
308.580112	2.224767	-1.423500
305.569007	3.026478	-0.454640
308.287068	2.312258	-0.223820
307.253563	3.113960	-0.790372
308.362743	3.345265	-1.133181
312.909519	4.028556	-1.266077
304.254302	4.263424	-1.322028
304.319507	3.716684	-1.028246
305.906103	3.478259	-0.797366
307.102093	3.429347	-0.559568
306.236353	3.702562	-0.737919
305.026003	4.473925	-1.350031
304.659913	3.439754	-0.916289
306.134572	2.893456	-1.133183
307.773511	3.650018	-1.136655
305.983176	3.439698	-0.972236
307.599941	3.324225	-0.514099
307.789073	3.471326	-0.737925
305.987370	3.492433	-1.199650
307.700090	3.376693	-0.685455
307.347835	3.173609	-0.167867
310.001984	3.169977	-0.563040
305.740683	3.611417	-0.685452
311.486805	3.348728	-0.734432
314.415823	3.415262	-0.737924
309.087510	3.397673	-0.055954
310.772412	2.858301	0.447631
308.704715	3.264563	-0.279769
310.172598	3.495755	-0.744900
309.103302	3.341709	-0.458137
310.352309	3.092927	-0.629488
309.251299	2.795347	-0.626006
309.696630	2.847882	-0.681967
309.266990	2.921417	-0.916302
316.422535	2.711247	-0.790365
310.106828	3.208665	-0.972285
310.345615	2.522218	-1.259055
306.630237	2.284237	-1.199607
309.529994	2.763838	-0.748416
307.864744	2.567850	-0.797401
309.194004	2.567773	-0.912797
309.651361	2.277322	-0.909328
308.683669	2.035769	-1.301051
308.052783	1.881855	-1.311580
307.545804	1.993775	-1.367513
306.836320	1.766326	-1.538919
306.129072	1.997270	-1.367511
310.190066	2.273791	-0.965279
305.327236	2.165212	-0.681948
304.022573	2.623786	-0.968759
303.965170	2.333253	-1.252084
304.611425	1.661408	-1.720886
304.506445	0.853345	-1.196125
302.094721	0.860317	-1.549400
303.055644	0.342722	-1.825816
301.584501	0.227317	-1.594915
300.826998	0.167868	-1.423524
298.579418	-0.342722	-1.825816
298.802267	-0.227316	-1.832825
296.379714	-0.055954	-2.168727
295.022722	-0.283277	-1.997327
294.882999	-0.283278	-1.542470
292.958061	-0.055956	-2.004341
292.280384	-0.339217	-1.367483
302.612534	-0.507103	-1.357048
290.837051	-0.454634	-1.423486
290.138783	-0.339226	-1.706862
289.041631	-0.342734	-2.168822
288.234884	-0.055955	-1.944803
285.935768	-0.342720	-1.836302
286.172513	-0.342722	-1.713853
285.102986	-0.625990	-1.538901
284.092226	-0.055953	-1.657850
282.106830	-0.398672	-1.836290
282.917104	-0.510595	-1.874823
280.510136	-0.342731	-1.885350
278.832893	-0.283263	-1.874760
278.622031	-0.227315	-1.948284
276.493850	-0.227312	-2.165216
274.311657	-0.283276	-2.284292
273.111055	-0.227317	-2.224758
274.096063	-0.055955	-2.231764
270.849119	0.055955	-2.224774
270.694447	-0.055953	-1.997229
271.347053	0.000000	-1.710388
270.174886	0.000000	-1.710388
269.228585	0.167865	-1.825841
267.914443	0.000000	-1.598423
267.108624	0.000000	-1.822353
266.684719	0.000000	-1.822353
267.751597	0.055955	-1.710387
265.981927	0.055953	-1.654354
263.363658	0.171362	-1.713876
264.280784	0.000000	-1.713884
270.050974	-0.055955	-1.598423
262.539016	0.167869	-1.538986
260.084199	0.227312	-1.367496
259.370519	0.283265	-1.367490
261.102877	0.283278	-1.252114
261.051396	0.510580	-1.308019
261.829328	0.339233	-1.252107
260.277664	0.454645	-1.367547
260.010636	0.570048	-1.367523
259.257035	0.566538	-1.419965
257.909068	0.797361	-1.311521
258.624974	0.797400	-1.483001
255.742535	0.856851	-1.601935
257.527861	0.797379	-1.538937
256.287851	0.570051	-1.196126
254.695836	0.797396	-1.196142
255.798982	1.021207	-1.133134
255.141754	1.080666	-1.080666
256.032110	1.080689	-1.196118
255.285446	0.912827	-1.252123
254.745043	1.080689	-1.196118
253.584230	0.797372	-1.423480
252.258913	0.797391	-1.367541
252.018697	0.849825	-1.419965
250.765920	1.140122	-1.367487
250.685744	1.483001	-1.199646
251.185155	1.084184	-1.199613
249.815155	1.080666	-1.252059
249.294369	1.367543	-1.196136
250.441460	1.591400	-0.965254
251.723945	1.937769	-0.741408
248.268190	1.997238	-1.084160
249.673054	2.168785	-1.196131
248.237887	2.224698	-1.196086
247.826985	2.161750	-1.080683
246.458686	2.217756	-1.136653
246.458589	2.221292	-1.252105
243.761566	2.053280	-1.255586
246.303631	1.941299	-1.426991
245.056018	1.881854	-1.710405
246.782459	1.944815	-1.888828
244.216731	1.650931	-1.822375
242.463233	1.706864	-1.308050
242.498422	1.598415	-1.426994
241.520127	1.710397	-1.538964
240.292852	1.997250	-1.654359
240.389952	2.060336	-1.601959
238.778132	1.878272	-1.423461
238.679252	1.930840	-1.531972
237.216423	2.165319	-1.594956
239.136366	2.049788	-1.538947
237.879178	1.909840	-1.685907
236.220326	1.916821	-1.294073
235.608705	2.441724	-1.531918
236.682725	2.165259	-1.878312
235.219641	2.550356	-1.643945
234.036840	2.623789	-1.825828
234.850629	3.082565	-1.937847
231.973196	2.746371	-1.601936
230.499518	2.518812	-1.832858
231.600413	2.921453	-1.661417
230.651739	2.844369	-1.308056
230.417125	2.774405	-1.073719
228.304671	2.781321	-1.587906
230.566205	3.134962	-1.822294
227.204638	3.169992	-1.867783
227.266661	3.166602	-1.696403
226.852260	3.387273	-1.860843
225.687479	3.380211	-2.004278
223.914621	3.713077	-2.112759
223.389522	3.930287	-2.137203
224.421399	3.807810	-2.273809
224.723516	3.492274	-1.713838
223.905805	3.888353	-1.371026
222.942541	2.819852	-1.633396
222.622814	2.714788	-1.584402
221.350843	3.289195	-1.815362
219.717418	3.828719	-2.284237
220.884619	3.639423	-2.077728
217.707614	2.634251	-2.231720
215.668539	2.774351	-1.811843
216.665467	2.287789	-2.116298
215.231398	2.053234	-1.710333
212.087054	2.319294	-1.979824
212.756726	2.721784	-1.699850
210.278111	2.595712	-1.804786
209.063901	3.071919	-2.217711
205.932699	2.592275	-2.592275
206.744638	2.508351	-2.847959
205.376179	2.287803	-2.973989
202.464343	2.287723	-2.805810
202.467001	2.508326	-2.564337
200.672708	1.573892	-2.420712
196.080829	2.130296	-2.525809
186.099655	3.036955	-3.551890
185.111222	2.644831	-3.625530
184.734549	2.564245	-3.366166
181.774040	2.448804	-3.303211
180.231125	2.903982	-2.963513
179.103549	2.735846	-3.079014
178.131554	3.201537	-2.973893
174.645213	2.935394	-3.103491
173.642158	3.345124	-3.572851
171.719059	3.418792	-3.474849
168.631508	2.956346	-3.583348
166.960891	2.805840	-3.895335
164.486751	3.134971	-3.362649
161.024334	2.522223	-2.753276
163.266053	2.179259	-3.327674
154.572201	0.909317	-3.699139
149.404336	0.800872	-4.652815
145.738091	0.454632	-4.438799
143.210725	-0.451150	-5.049569
140.163912	0.283275	-4.909087
139.005129	0.055954	-4.323066
137.356421	0.167865	-3.765672
132.218578	0.342716	-3.723516
132.192567	0.000000	-4.042512
128.321010	0.283267	-3.138473
123.801067	0.454630	-3.702527
117.813681	1.423505	-2.851392
116.478490	2.053311	-2.735871
114.509282	3.376771	-2.172294
112.815791	3.989947	-2.277228
110.370000	3.990105	-2.392824
105.261497	3.530816	-2.732277
100.044518	3.191168	-3.135126
94.302637	2.949383	-3.404711
91.497368	3.481728	-3.078904
90.818878	3.366307	-3.082579
78.984509	4.035514	-3.692015
76.152031	4.744151	-3.103550
72.638206	4.403748	-3.173537
62.376307	3.453713	-3.169975
63.240265	3.257543	-3.429193
45.897514	2.487343	-3.877940
44.191426	2.501337	-3.432868
41.330704	2.462725	-3.264571
38.986777	3.141978	-2.693766
34.592468	3.800747	-2.777865
33.180868	2.270312	-2.385817
33.642520	2.441816	-3.051039
24.361622	3.849683	-3.737531
19.591536	4.386374	-3.685175
15.805838	4.533517	-4.305525
12.843672	4.021545	-3.905862
6.884586	3.050907	-4.031978
5.001783	3.029972	-3.257631
4.062102	2.588788	-2.588788
1.077772	3.201596	-2.742846
358.939999	3.415256	-3.187562
358.818528	3.299710	-3.636061
355.845195	3.397826	-4.014636
352.829273	4.175792	-4.901984
351.646020	5.049427	-3.401229
350.831613	6.216230	-2.749859
347.849174	6.392111	-3.191079
343.632648	6.427179	-3.264574
343.843521	6.670369	-2.683390
341.547395	5.769723	-1.423529
337.999998	4.873948	-1.808341
337.762859	4.291550	-3.064988
337.573267	3.450300	-4.680930
337.424948	3.387313	-4.919682
333.854045	2.473208	-5.467244
333.218393	1.951748	-5.235416
327.139161	1.405965	-3.635900
325.420472	1.465491	-1.993812
323.865738	1.332544	-1.098181
322.403311	1.437517	-1.262606
320.913298	0.888290	-2.000728
320.899139	1.360539	-2.508295
319.474279	1.927355	-3.086077
318.357770	2.182817	-3.359292
315.300952	1.322061	-3.688601
314.277639	0.055954	-3.779644
312.561401	-0.626016	-3.594009
318.649215	-0.800899	-2.861951
308.783823	-0.982744	-3.702550
306.788251	-1.157661	-3.997075
306.532449	-1.154132	-3.762122
304.527257	-1.161128	-3.366179
299.795336	-1.210083	-3.176986
296.291573	-0.055954	-2.588746
292.043163	1.605429	-2.179287
291.537371	-0.339224	-3.250579
287.158942	-1.010734	-4.000514
286.390015	-0.783413	-4.316216
282.844987	0.223817	-4.175782
278.325664	-0.335722	-4.228314
276.651717	-0.339232	-3.849833
272.867637	-0.283279	-3.401332
271.757993	-0.339238	-3.016043
267.721448	-0.510596	-2.952930
266.964797	-0.339227	-3.478323
263.933539	0.055956	-3.646577
259.476329	0.342730	-3.846342
260.559418	0.230818	-3.639569
255.800467	0.230812	-2.861858
252.983339	0.174854	-2.518707
250.432720	-0.055953	-2.277191
247.827186	-0.346224	-2.200273
243.924940	-0.283264	-2.511700
241.930513	0.000000	-2.427728
238.499329	0.335722	-2.417204
234.859282	0.619018	-2.312281
233.685484	0.451147	-2.256294
234.010157	0.167861	-1.976251
230.735847	0.055954	-1.640372
228.833740	0.055953	-1.535402
230.066497	0.283280	-1.654436
227.358421	0.570043	-2.175742
225.461679	0.517591	-2.070788
226.100615	0.346213	-1.962244
224.604597	0.230810	-1.962264
224.040890	0.115406	-1.615899
225.494676	0.111908	-1.210095
225.267083	0.000000	-0.912822
224.889818	0.055956	-1.133175
224.617248	0.279776	-1.129665
225.724642	0.335738	-1.238122
225.174552	0.227317	-1.591419
227.671286	0.283280	-1.654436
228.293731	0.339233	-1.538965
227.048997	1.203080	-1.318511
229.574899	1.888836	-0.741430
235.718665	1.031726	-1.378024
240.458045	0.570039	-1.252067
245.382588	1.196087	-0.968736
249.361740	0.797357	-0.741399
254.631180	0.339224	-0.737915
258.357106	0.510608	-0.737944
265.765930	0.737921	-0.681962
269.460684	0.454647	-0.793901
275.037396	0.283271	-0.965261
280.335231	0.167865	-0.965269
285.468045	0.339228	-0.681965
289.233314	0.398670	-0.454625
294.663043	0.286769	-0.342724
298.052016	0.115406	-0.461629
300.815376	0.171359	-0.517580
305.743533	0.283274	-0.681969
307.260137	0.223815	-0.507087
315.709756	0.000000	-0.167868
317.639616	0.111912	-0.055956
318.959377	-0.227321	-0.111912
322.261954	-0.111910	-0.398682
323.603346	-0.283277	-0.626017
325.379543	-0.227312	-0.514081
328.953689	-0.055955	-0.398682
329.235973	0.171362	-0.398681
329.352335	0.000000	-0.741425
332.208579	0.000000	-0.748419
333.117994	-0.286762	-0.514079
332.222394	-0.342728	-0.055955
338.956463	-0.111913	0.000000
335.453463	-0.335733	-0.167866
337.702340	-0.167867	-0.678477
335.386807	-0.283270	-0.737919
336.707965	-0.510601	-0.797392
335.467593	-0.346225	-1.273084
335.702685	-2.522207	-3.036885
332.412646	-2.816296	-2.760276
325.156163	-3.096582	-2.693882
319.503934	-1.542398	-1.997237
309.063058	-0.853360	-1.311582
297.354514	-0.223824	-0.905821
285.814641	1.182152	-0.507107
257.764569	2.441755	-0.510592
245.164156	3.632530	-0.748423
234.300371	3.513296	-1.091163
222.710619	3.804299	-1.899352
210.630429	4.266966	-3.695550
200.706501	5.636049	-4.902031
190.615332	4.410909	-5.309449
182.925030	3.467892	-4.477539
178.993522	3.012541	-2.557357
180.293306	3.117562	-1.787370
183.941238	2.851431	-2.266806
188.693186	3.103594	-2.529346
201.991691	3.058004	0.000000
205.847467	4.081114	0.171360
211.158461	3.439767	0.902303
212.470841	2.273783	1.164651
211.054979	3.131526	-0.055955
208.040944	2.480269	-0.919796
208.899095	2.466256	-0.972256
207.181280	2.315736	-1.580907
210.674068	3.107083	0.000000
213.141454	2.399777	0.891821
215.985381	2.326231	0.678459
217.042813	2.623759	0.454631
219.437170	2.560787	0.167865
217.637575	2.511730	-0.055954
219.933923	2.518827	-0.342732
222.242398	2.753246	-0.171356
222.447207	2.749812	1.374510
225.605758	2.578271	1.545929
228.063357	2.312246	1.297555
227.183944	2.774295	1.189104
229.887147	2.784818	1.308043
229.818044	3.110454	1.206590
233.212015	2.452213	0.570036
235.768774	2.578320	0.514098
236.897396	2.207196	0.563037
236.035749	2.564247	0.339223
237.680415	2.165196	0.339217
235.770150	1.881856	0.339235
239.099223	0.800868	0.171359
241.315301	0.000000	0.111913
243.487347	-0.395178	0.339223
247.267738	0.111912	0.111912
246.261788	0.167868	0.167868
248.115270	1.017705	0.339219
247.843488	0.912800	0.398680
248.129362	1.878281	0.625994
255.651286	3.299711	-0.111911
247.929751	3.993421	-0.111907
247.764557	4.239056	0.283280
248.377303	4.898631	0.695972
252.479143	3.968970	0.678468
252.288967	3.930372	0.167863
252.872345	3.411840	0.111912
252.785105	3.320659	0.111909
255.063133	3.362758	0.111911
258.032290	3.677999	0.619002
258.026644	3.846225	0.563046
258.636303	3.779644	0.055954
258.475652	3.289236	-0.111913
258.879650	3.362758	0.111911
258.319015	3.471403	0.000000
259.129096	3.418827	0.055956
258.633421	3.366249	0.111911
259.132436	2.833938	0.000000
260.478891	2.315698	-0.451128
261.300633	2.578266	0.000000
260.956479	2.228266	0.111910
260.895994	2.487273	-0.055955
261.954863	1.874769	-0.223814
260.477401	1.857306	-0.055954
262.282873	1.692910	0.000000
262.036867	1.364008	0.111908
264.327455	1.304574	0.055955
263.851737	1.192613	0.111909
264.163433	1.035206	0.000000
265.771614	0.458133	0.000000
267.338857	0.111910	-0.744921
267.020206	-0.111910	-0.972265
267.114868	-0.783384	-0.167863
265.931501	-0.674982	-0.111912
268.515050	-0.507087	-0.223815
270.649674	-1.133148	-0.395180
272.123535	-0.968746	-0.398674
268.547665	-0.853323	-0.055954
271.377995	-1.136672	0.000000
271.681612	-0.402179	-0.115407
270.985866	-0.398682	-0.055955
271.321946	0.111912	0.055956
269.811129	1.332512	-0.751896
286.470238	0.227321	0.055956
273.478384	0.167868	0.000000
273.257614	0.000000	-0.111913
275.095012	-0.111913	0.000000
274.175814	0.000000	0.000000
275.695739	-0.055956	0.111912
274.670527	-0.055956	0.111912
272.319257	0.000000	-0.458133
273.257816	0.000000	-0.678480
286.359589	-0.167863	-0.451137
275.688664	0.000000	0.227321
276.279558	-0.055956	0.000000
274.260394	0.223813	-0.849820
275.334813	0.283273	-1.301063
272.863993	0.454631	-0.681956
273.590514	0.171366	0.000000
274.726302	0.171366	0.055956
275.609234	-0.167863	-1.196107
275.700578	-0.681954	-1.192604
276.398195	-0.905795	-1.021216
272.819639	-0.853356	-0.737937
275.632098	-0.849845	-0.507097
276.350348	-0.625987	-0.625987
272.255335	-0.510585	-0.912786
273.340768	-0.398685	-1.252099
273.074919	-0.342721	-0.741412
275.470681	-0.681978	-0.626019
273.521933	-0.797356	-0.398668
275.957044	-0.398675	-0.339223
274.488299	0.000000	-0.625986
274.493078	0.283275	-0.912811
274.670164	0.167868	-0.909321
272.802314	0.000000	-0.339231
279.165776	-0.342727	-0.171363
276.774004	-0.167868	-0.905824
274.150899	-0.055955	-0.965273
274.546811	0.912818	-0.171365
274.062121	1.605414	0.055955
272.800284	1.482963	-0.055955
271.898743	2.231725	-0.342719
269.526318	2.609812	-0.734432
270.785033	2.497733	-0.678457
270.293504	1.930746	-0.510579
272.893653	1.024754	-0.398692
275.152033	0.227320	-0.167867
274.621318	0.000000	-0.454636
274.540710	-0.283270	-0.737919
275.403434	-0.283266	-1.024704
272.547298	-0.227313	-0.797369
270.929250	-0.055955	-1.308071
269.755050	-0.283276	-1.423513
272.661682	-0.395172	-1.192587
270.985087	-0.111913	-0.626023
271.178095	-0.342725	-0.685462
272.501104	-0.283266	-0.797365
276.067116	-0.227316	-0.398679
Calibration score: M18.00Q8H9V1
