Serial Number: 4602

Heading		Pitch		Roll
269.062870	2.518809	-1.601935
266.752388	2.238756	-1.262579
268.794914	0.629515	-2.466312
267.509441	2.329788	-3.015993
267.585787	1.014245	-2.256285
267.829967	0.839333	-2.973865
267.279507	1.699845	-3.005395
267.226727	1.776805	-3.099930
268.388196	0.227319	-3.646550
267.331428	2.497790	-1.647407
265.371460	1.000245	-2.445272
267.796880	0.632981	-2.830272
268.064168	0.629505	-2.231766
265.033533	2.588799	-0.517591
266.774002	0.111913	0.000000
268.805437	0.793876	-0.111909
268.325330	0.342714	-1.370979
266.740952	1.420009	0.339231
267.434459	-0.283268	0.454630
267.793489	0.804363	0.919781
267.687250	0.514086	3.163019
265.050821	0.517586	3.685043
267.834143	-1.360507	4.203810
267.781853	-1.192643	1.360552
263.759543	0.000000	1.878279
263.632345	-0.916313	0.916313
264.194333	-0.391687	-0.111910
259.853785	-0.279779	-0.055956
258.171810	1.038722	-1.038722
258.095231	-1.724392	-3.569477
254.888258	1.388545	-3.706174
256.853436	0.790372	-2.210722
255.810994	0.507085	-2.774276
253.550852	1.899265	-3.628903
252.817959	1.979794	-1.864322
255.577170	0.797370	-2.109242
252.377415	4.028568	-1.668389
254.863282	0.818355	-2.686776
253.932961	1.472486	-1.248601
254.528292	1.402540	-1.290597
254.429890	1.143615	-1.374477
256.558516	0.629484	-0.629484
255.947777	1.566966	0.615529
254.997622	3.187590	0.000000
256.083767	1.308071	0.055955
254.314557	2.889906	1.189131
256.183099	-0.342722	-0.342722
255.062314	1.608871	-0.402168
254.135741	0.283271	-1.713863
254.683793	0.905781	-2.270197
256.045367	0.000000	-2.546823
254.701813	1.080704	-0.968775
255.914472	1.133155	-0.339227
252.911170	0.797371	-0.167862
255.483097	0.790407	-2.144323
253.415031	1.678903	-3.593994
255.445321	1.325521	-3.061424
256.879773	-1.283598	-3.408331
254.552037	3.769218	-3.940970
258.737564	-1.724382	-3.685096
257.637386	2.270310	-1.815377
258.479019	0.283270	-0.737919
256.287174	1.605412	0.111910
259.142304	0.853320	0.909280
260.009687	-0.556072	-0.723951
257.133131	0.916296	-0.398680
261.806812	0.458124	0.342717
260.266756	0.227321	-0.111912
261.428586	1.024698	0.339218
Calibration score: M255.00Q0H3V1
Failed Calibration. Please Repeat Calibration!
Calibration duration = 6 seconds
M255.00 = Magnetic influence is unacceptable
Q0 = Non-uniform magnetic field
H3 = Incomplete horizontal rotation
V1 = Low pitch/roll
Recommendation(s):
The required duration of the compass calibration is between 1 and 2 minutes.