Serial Number: 4602

Heading		Pitch		Roll
212.469596	0.510601	-1.196137
214.376127	0.625990	-1.252054
213.406123	0.737933	-1.077206
213.979957	0.853358	-0.965284
212.818336	0.793899	-0.793899
213.869460	0.737903	-1.196086
212.826691	0.570039	-1.080673
213.703825	0.570051	-0.797384
213.146784	0.626002	-0.797376
212.939658	0.797395	-0.797395
213.401778	0.909291	-1.024712
210.784412	0.625998	-1.371005
211.274185	0.912825	-1.255620
209.947150	1.136680	-1.535475
210.311424	1.426973	-1.024711
209.731931	1.937794	-0.681962
209.824758	1.934280	-0.965253
207.434776	1.937833	-1.654418
207.256258	2.287752	-1.944796
208.236940	2.329797	-1.364049
206.839949	2.623832	-1.423515
203.999753	2.158212	-1.703331
206.416357	2.221326	-1.367564
205.728450	2.280817	-1.423532
201.878116	2.231709	-1.601877
200.517461	2.235206	-1.832787
200.733126	2.298310	-1.780387
200.106920	2.238696	-1.836278
198.272466	1.986835	-1.818874
198.247682	1.699877	-1.815339
197.217988	1.997249	-1.881779
196.275934	2.336725	-2.105741
192.671017	2.224781	-1.997308
193.909258	2.231704	-1.944752
193.147444	2.851404	-2.280784
192.319987	2.277218	-1.878285
192.016151	2.837391	-1.815352
189.071285	2.144245	-1.692860
189.061188	2.851339	-2.224735
187.247645	2.788313	-2.389232
184.897736	1.892296	-2.585262
181.801312	2.214322	-1.874870
182.202033	2.518805	-2.231786
176.675292	2.721819	-2.098769
176.276213	2.851337	-1.937779
171.867920	2.903921	-1.706887
170.938893	3.065059	-1.360561
170.827502	3.005481	-1.871340
171.063236	2.886414	-1.615923
170.944202	2.606329	-1.927333
164.672657	2.004233	-1.661343
162.572276	1.412993	-1.014227
163.305265	1.717342	-1.829304
155.182938	1.363988	-1.706825
156.634678	1.199584	-1.713822
156.759883	0.800877	-1.661387
151.733113	1.661351	-1.259054
151.133870	1.601959	-1.199652
150.260720	1.591400	-1.591400
148.205790	2.966904	-2.501253
144.559043	2.067319	-1.608943
144.428072	2.294736	-1.948282
139.519978	1.416468	-1.983249
138.291044	2.620356	-2.277311
133.704423	2.343819	-1.713914
131.651241	1.566908	-1.738339
124.864407	-0.283271	-2.396252
126.917986	-0.566563	-2.557335
117.797356	-0.832348	-1.888795
122.086715	-0.622493	-2.273702
120.892311	-0.339224	-2.396239
121.341579	-0.335721	-1.860770
124.111967	0.171362	-2.133772
122.302563	0.111912	-1.552974
120.324153	-0.167865	-1.598416
122.100852	0.342731	-1.885350
122.844609	0.227321	-1.899351
119.248233	0.167866	-1.699894
115.336224	-0.283280	-1.654436
117.825381	0.055953	-1.080660
117.247292	0.283272	-1.587916
117.093486	0.566554	-2.154776
116.903943	1.024738	-1.364042
117.736885	0.797371	-0.912789
116.334984	1.654393	-1.024727
114.296286	2.007763	-0.800869
109.012282	2.546852	-1.388552
103.554581	0.629501	-1.489957
97.384524	0.111912	-0.912820
92.316558	0.000000	-1.612406
90.489026	1.084174	-2.168737
91.062008	0.853328	-1.538916
88.852906	1.496948	-1.899297
86.372562	1.955344	-1.955344
81.885666	0.563051	-2.259749
65.328912	0.279776	-1.920314
66.960249	1.437515	-1.899347
51.635109	0.517597	-1.846858
44.046300	1.759403	-2.553852
38.400780	0.744902	-1.839787
27.070610	0.577029	-1.269547
23.992611	0.283273	-2.214265
19.893931	1.203089	-2.119723
18.297441	1.077170	-2.273712
16.311694	1.098204	-2.375314
11.740285	-0.052456	-2.088220
9.381496	1.339498	-1.339498
10.379996	3.390691	-0.059451
10.266665	1.350046	-1.762870
6.013611	1.017737	-4.140784
6.105332	1.892352	-3.177124
3.522003	1.203133	-1.203133
0.785354	0.734412	-3.064924
359.362091	0.055953	-3.096416
358.091128	0.223813	-1.238058
357.159093	0.286766	-1.608891
355.178958	-0.622499	-2.952873
351.414891	0.339235	-3.457379
352.053825	0.339232	-2.448798
350.893301	0.748435	-1.210142
348.766057	0.814857	-2.102243
348.425188	1.294041	-3.383673
345.272788	1.122663	-3.369716
346.558885	1.182152	-1.860860
345.908183	1.140173	-1.255607
342.582093	1.094713	-2.193325
340.726293	0.800891	-2.802397
338.927581	0.734430	-2.833878
339.340377	1.136680	-2.441818
336.336268	1.084197	-2.228279
334.905336	1.084187	-2.798847
332.277842	1.024744	-2.798901
333.088238	1.024696	-2.396190
332.307559	0.793884	-1.990292
332.576603	1.024722	-2.963413
327.735818	1.367514	-2.963404
326.463616	1.479432	-2.788278
323.852464	2.053230	-2.396204
322.811183	2.221219	-2.791795
322.921436	2.480339	-3.327775
322.749556	2.424226	-3.103461
321.931195	2.336693	-2.851291
321.785938	2.063781	-3.152547
319.937107	1.482941	-3.481770
319.928759	1.084204	-3.425824
317.553202	0.797374	-2.970404
316.301969	1.031695	-2.984361
314.726105	2.452289	-2.851399
314.377021	2.896961	-3.296231
316.781709	2.273759	-3.071989
312.229753	2.154733	-2.378724
310.953316	1.941306	-2.284263
310.739224	1.997334	-2.112817
308.508051	2.175741	-2.175741
300.241417	1.297575	-2.539804
299.846312	1.360533	-2.669318
296.799749	1.713881	-2.970449
296.483721	1.371018	-2.746323
297.063268	1.311574	-2.679851
293.709068	1.489967	-3.093011
292.491511	1.605408	-3.040461
291.894610	2.025342	-2.431334
292.111252	1.776896	-2.294820
290.645127	1.598392	-1.825807
289.430519	1.699877	-1.815339
287.186220	1.916830	-1.801361
286.819340	2.193250	-1.350026
288.091991	2.224797	-1.881848
288.411634	1.993770	-2.508248
284.924492	2.224779	-2.966952
282.285775	2.165318	-2.224815
280.919683	1.927260	-2.497714
282.907384	2.280784	-2.392788
284.606166	2.231782	-1.885334
280.260086	2.238820	-1.951852
280.287939	1.972816	-2.497799
280.998754	2.168821	-1.311588
279.931974	2.221296	-1.535467
285.657162	2.277293	-1.706898
278.226754	1.458445	-1.346505
274.648958	1.986837	-2.214311
277.470509	2.210717	-2.154723
276.035818	2.179222	-1.664857
276.777323	1.934328	-1.252103
275.574730	2.231740	-2.116251
276.377295	2.522299	-1.605427
276.780983	2.368227	-1.038703
276.249960	2.718292	-1.133145
276.110549	2.473209	-1.496924
275.742000	2.567734	-1.825798
273.277881	2.844455	-1.647445
274.241630	2.833884	-0.961774
274.461307	2.504709	-1.136626
274.017481	3.117598	-1.385051
273.290494	3.373250	-1.084197
275.017515	2.627280	-0.968757
275.204319	2.774405	-1.073719
273.041155	2.784878	-1.080703
272.385032	2.903964	-1.420031
274.035429	2.634264	-0.972248
271.857363	2.567795	-1.084193
272.651213	2.042803	-1.245105
273.017030	1.934328	-1.252103
272.724699	2.032266	-0.958262
272.039056	2.042747	-0.965249
271.907917	1.937773	-0.968748
271.965606	2.049736	-0.965245
271.236211	2.161828	-0.965293
272.180014	2.158270	-0.849846
281.561987	1.878271	-0.909280
277.330121	2.455730	-0.514083
276.457518	2.798901	-1.024744
275.282938	2.851300	-0.797361
274.504914	2.536322	-0.223823
275.285974	2.210745	-0.395181
275.976140	2.616750	-0.510585
276.719815	2.501315	-0.793897
274.493509	2.462823	-1.087711
275.010455	2.637822	-1.259094
275.142121	2.319307	-1.217133
275.699468	1.878288	-1.252068
273.726306	2.158212	-1.703331
273.834100	2.462823	-1.087711
276.379007	1.993841	-0.227323
274.188963	2.221242	-0.339225
275.817812	2.455832	-0.626023
275.930766	2.567773	-0.912797
273.521546	2.788296	-0.737910
274.391204	2.497809	-0.510601
275.329727	2.564211	-0.454624
273.832220	2.508237	0.000000
273.569560	2.560737	-0.395177
275.200142	2.455741	-0.797372
274.584269	2.588859	-0.342734
273.352558	2.511794	-0.797387
274.978101	1.654391	-1.028223
271.857085	2.907353	-1.024710
273.035990	2.833884	-0.961774
273.321561	3.264588	0.167862
274.687843	2.333241	0.000000
274.849316	2.805822	0.000000
271.590375	2.945876	-0.115405
273.279078	2.273702	-0.622493
275.729777	2.210767	-1.301063
272.764554	2.011269	-1.003731
272.134581	2.466267	-0.342725
272.534534	1.958841	-0.458145
275.443266	1.140124	-1.028197
273.860101	2.231715	-0.972241
270.897850	3.649930	-1.024701
273.212002	3.695527	-1.021215
271.533452	2.844431	-1.080714
273.280399	2.564235	-0.737910
273.244460	2.623778	-0.398678
271.765058	2.739405	-0.339237
275.066185	2.252781	-0.507101
272.565922	2.550217	-0.507084
273.757268	2.455751	-0.454634
272.150507	2.452315	-0.227321
273.313298	2.161730	-0.909288
272.385790	2.158197	-0.737900
273.528635	1.920278	-0.451133
274.936041	2.445202	-0.622493
272.222300	2.728794	-0.167863
274.581885	2.627229	-0.514078
275.351473	2.634322	0.000000
272.209331	3.075452	-0.167862
273.003986	3.061503	-0.622513
272.429304	2.903855	-0.510587
269.013043	3.065054	-0.510605
272.231139	3.390816	-0.402187
271.541129	2.907372	-0.454633
272.368481	2.553750	-0.395179
272.223360	2.791792	-0.968743
272.655931	2.865381	-1.259085
272.434850	2.893321	-0.622494
270.768226	3.040426	-0.503592
269.098171	3.586911	-0.454633
269.690733	3.205173	-0.972288
270.331289	3.194653	-0.797401
271.002824	3.411765	-0.395184
269.618795	3.159531	-0.507094
268.823538	3.082453	-0.625998
269.044216	3.930469	-1.210131
269.691367	3.790203	-1.203116
268.994392	3.145553	-1.371029
268.124913	3.664097	-1.371045
269.946305	3.474916	-1.535484
269.628422	3.191011	-0.737910
268.934863	3.275104	-1.070186
269.691701	3.695527	-1.021215
268.328376	3.947883	-0.563047
266.373563	4.435461	-0.622525
268.858579	4.695061	-0.923313
266.505124	4.165258	-0.737916
268.135194	4.259883	-0.793865
267.070780	3.744565	-0.849827
264.258017	4.344156	-0.741422
266.249690	4.312529	-0.342720
265.243822	3.520360	-1.958792
265.875126	3.916492	-1.378057
265.066937	3.622083	-0.342734
264.483987	3.604393	-0.741407
265.148608	3.474911	-1.080718
264.651915	2.784882	-1.248606
265.129244	2.956357	-1.098155
272.120862	3.376791	-1.371049
261.615705	3.688539	-0.507093
264.781760	3.765669	-0.912801
260.003124	3.604566	-0.797403
261.188430	3.933861	-0.909291
261.030582	3.762055	-1.024697
259.312639	3.646517	-1.308057
257.667260	3.415269	-0.965267
256.223350	3.366194	-1.311546
259.815342	3.065012	-1.245103
257.877819	3.001994	-1.640423
257.220492	3.776168	-1.542434
254.406400	3.079019	-1.367535
256.884406	3.439854	-1.203139
254.219065	3.282213	-1.301088
254.856524	3.061454	-1.301048
260.401064	2.861888	-1.259088
252.183805	3.366231	-2.109281
252.040974	2.795330	-0.912794
251.465084	2.560811	-1.252101
253.030039	3.019523	-1.594951
251.931524	2.910903	-1.311556
248.914660	3.317109	-1.315027
248.395630	3.019528	-0.965288
247.387575	3.135091	-1.024746
246.264781	3.341702	-0.790388
245.522409	3.338229	-1.608929
245.166375	3.065053	-1.965840
242.397918	3.450300	-1.378020
242.719815	3.117592	-1.983339
242.019476	3.015861	-1.706819
242.484861	3.131474	-1.308034
241.794291	2.921342	-1.486433
240.828327	3.159462	-1.549394
239.162202	3.107091	-1.668430
238.304492	2.921355	-2.231723
238.113022	2.536314	-1.916835
235.095384	2.781321	-1.587906
236.067392	2.564246	-1.822307
235.163161	3.117606	-1.643943
233.402831	2.445225	-1.878287
233.300339	2.795279	-1.937754
233.214950	2.791906	-1.367553
231.914951	2.889884	-1.965793
229.922125	2.935321	-1.608861
229.281438	2.735796	-2.448737
226.630009	2.581725	-2.119719
225.895251	2.042753	-1.927279
227.033595	1.867876	-1.584468
225.433717	2.312251	-1.916801
226.889270	2.280783	-1.710390
222.119532	2.630853	-2.518828
221.281315	2.049740	-2.392715
221.446116	2.165310	-2.564337
218.815210	2.039267	-2.210745
215.958984	2.438329	-1.811884
216.500861	2.235278	-2.179282
216.294742	2.301760	-2.301760
214.340288	2.553772	-2.214253
211.684678	2.042794	-2.896910
208.814750	1.437495	-3.050990
206.560732	1.479479	-2.676330
207.420806	1.192625	-2.959933
206.443298	1.647369	-2.896847
206.188784	1.668341	-3.162962
205.514553	1.315077	-2.518823
205.552429	1.199627	-2.168782
202.300580	1.657896	-2.574794
201.926607	1.720908	-2.585349
197.441512	1.766349	-2.165261
194.584567	1.024721	-1.993781
193.671626	0.622518	-1.818861
190.898807	0.797388	-2.168783
192.423047	0.748422	-2.826883
187.799679	0.342731	-2.522321
187.954767	0.514082	-2.693765
186.853986	0.227320	-2.693852
185.251445	0.167869	-2.963513
183.208596	0.335741	-2.879471
181.801518	0.283268	-3.068443
178.993913	0.454634	-2.455751
177.669155	0.633006	-3.058004
178.122387	0.800864	-2.697268
175.573507	0.510601	-2.728864
175.171416	0.741437	-2.511827
173.075350	0.800898	-2.406822
169.985675	0.905825	-3.292724
169.096732	1.021197	-3.124428
166.484263	1.374506	-2.753305
165.208360	1.374541	-2.410299
164.451934	1.427014	-2.112801
164.116028	1.885261	-2.287692
164.799971	1.997262	-2.739291
162.295042	1.682362	-2.578255
160.287126	1.927295	-2.553767
161.381229	1.657907	-1.944820
158.870273	2.056759	-2.287736
156.669119	1.189102	-2.550234
157.248543	1.482934	-2.396209
156.144291	1.080702	-2.560811
151.213819	0.625990	-2.679740
152.707191	0.510596	-3.019469
152.874817	0.510581	-2.847797
149.237221	0.339223	-2.788308
149.403227	0.510583	-2.382210
144.310632	1.608886	-2.704276
141.260863	1.594931	-2.448788
136.441833	1.080697	-2.791864
134.074071	1.189153	-2.494333
133.912740	0.853349	-2.795374
130.428814	1.084159	-2.683240
129.315925	1.024753	-2.564351
128.384856	1.196155	-2.564358
125.238301	1.482963	-2.452261
126.384679	1.776856	-1.951808
125.192710	1.783839	-2.417253
122.124524	2.193276	-2.711337
120.604206	1.927340	-2.893443
118.249523	2.851405	-2.966962
120.553166	2.623720	-2.511702
116.135572	2.263291	-2.718361
108.938029	2.567788	-2.966933
107.684707	1.881806	-3.082478
103.224608	1.878294	-2.959886
98.583859	1.710391	-2.966962
94.936939	1.196132	-2.739357
84.126591	1.462010	-1.517985
83.093953	1.301096	-2.263321
77.102719	1.591464	-2.161828
79.523287	1.710387	-2.452289
70.544564	1.944742	-3.320574
70.468899	1.878352	-3.187625
67.964455	1.594904	-2.847848
63.134045	2.042731	-3.064909
62.908186	1.577392	-3.443219
61.325627	1.706849	-3.127982
59.778850	1.720890	-3.156086
58.046748	1.661359	-2.749782
57.440811	1.720858	-2.697301
56.455890	1.713843	-2.858330
53.401790	1.363995	-2.844304
49.994923	1.073721	-2.546842
49.328765	1.066674	-2.760270
47.162054	1.591413	-2.844360
42.843366	1.199653	-2.858459
40.717309	1.150669	-2.819913
35.412777	0.514103	-2.403319
34.301611	0.905783	-2.266702
31.341830	1.311563	-2.455784
29.174746	1.433999	-2.984456
23.811818	0.839331	-2.693748
21.655355	1.979784	-2.431253
18.358451	2.763781	-2.588735
16.133397	2.256327	-2.777926
14.950978	1.426987	-2.567772
13.725975	2.186309	-2.298307
11.475817	2.991448	-2.200267
10.404682	3.425779	-1.913313
8.754052	3.208654	-2.858438
4.352662	1.689325	-3.155945
5.939370	2.574712	-3.250524
1.768255	2.949395	-3.572900
1.916007	2.361296	-3.054525
0.894627	1.416461	-2.893314
359.606842	2.452228	-2.508235
357.157619	2.592335	-2.994997
357.102906	1.643894	-2.665804
355.772049	1.360519	-2.896875
354.909915	0.895332	-2.693873
350.582496	1.468999	-2.263299
352.447604	1.899365	-1.899365
350.598691	0.458147	-1.948356
348.435855	-0.559554	-3.085982
343.544208	1.108649	-3.940837
343.254519	2.018278	-2.480260
342.571822	1.678910	-1.437512
339.168033	-0.055953	-4.000403
339.298635	1.378046	-4.312671
339.490683	1.958743	-2.854794
336.494300	2.333201	-2.217706
334.944714	2.522257	-2.809334
335.619758	2.088274	-2.497772
333.343635	1.892306	-2.872369
333.135098	1.895863	-3.292738
329.407995	1.594931	-2.529299
328.615083	2.518781	-1.199620
326.854933	2.823382	-1.175141
325.963108	1.794349	-3.124534
326.332345	1.577465	-3.944531
324.617353	1.682334	-3.026376
323.833747	2.221230	-1.937776
319.530846	2.200247	-2.721804
318.157919	0.916321	-3.033540
315.809062	1.409497	-3.667527
317.105877	1.640433	-2.714879
318.443316	1.650879	-1.878301
313.929942	1.769826	-1.885290
313.512197	1.720906	-2.809418
312.143559	1.587943	-3.632551
312.693154	1.297522	-3.275035
313.427426	1.419959	-2.676237
308.706116	1.318566	-2.525807
308.057931	0.909313	-3.362750
305.234167	0.734427	-3.856797
305.406216	0.849837	-3.569396
303.885898	0.626019	-3.418833
303.592542	0.514101	-2.865433
301.271686	0.342716	-2.578220
299.213788	0.339227	-3.422260
300.262567	0.283277	-3.692129
298.935561	0.514101	-2.571332
297.721807	0.283274	-2.462787
297.966534	0.167860	-3.022884
297.699492	0.283278	-2.679867
295.456119	0.454645	-2.504817
295.034436	0.629521	-2.004343
294.796310	0.744931	-2.175799
291.933713	0.853341	-2.504771
289.638204	1.192597	-2.389212
291.373087	1.080666	-1.993745
290.405176	1.084198	-1.937821
288.718800	1.203113	-1.661385
287.055219	1.031719	-2.179257
287.819499	0.737915	-2.392734
287.147408	0.793868	-2.385715
284.476490	0.912781	-2.168717
283.527391	0.909329	-1.993849
283.599033	1.192643	-2.158303
282.327924	1.363987	-1.822282
280.653552	1.601879	-1.601879
283.173513	1.654420	-2.224798
280.750227	1.706859	-2.221244
278.183227	1.647433	-1.930850
277.867047	1.594899	-1.822314
275.401103	1.482930	-1.937755
274.839867	1.374547	-2.231803
274.716743	1.080722	-2.105833
274.129253	1.136667	-2.105794
274.062488	0.849825	-2.102225
273.596697	0.849862	-1.930846
272.863644	0.625994	-1.650862
272.891090	0.626014	-1.311569
271.399960	0.797379	-1.538937
271.672312	1.024710	-2.109237
271.156045	0.793878	-2.098759
270.577939	1.021227	-1.990288
270.679888	0.856846	-1.482979
269.223846	0.744927	-1.661409
270.480577	0.797357	-1.598366
269.353624	0.909309	-1.822346
268.132766	0.905787	-1.871283
270.250925	0.849864	-1.584459
269.145909	0.853363	-1.136685
267.895330	1.031712	-1.259072
268.703427	1.084179	-1.367512
266.924161	1.374529	-1.028230
268.277116	1.087679	-1.203108
267.283671	1.367561	-1.594960
267.255982	1.311522	-1.196090
267.632105	1.080705	-0.965278
270.241886	0.909312	-1.136667
268.432054	0.737916	-1.308043
265.163657	0.916321	-1.087713
267.302725	1.031734	-1.203130
266.537927	1.311522	-1.196090
267.647364	1.360488	-0.965237
267.872838	1.416520	-1.133175
269.483668	1.591405	-1.308046
273.487390	1.311563	-1.423505
268.242011	1.199613	-1.255580
270.115416	1.028253	-0.972288
268.007374	0.916298	-0.741421
270.630788	0.622494	-1.077166
268.432884	0.566543	-1.077177
271.386271	0.797379	-1.080688
269.642503	0.741442	-1.024755
271.049235	0.402170	-0.975739
270.958249	1.091152	-1.091152
270.697232	1.710320	-0.510579
269.814855	1.941311	-0.626009
270.725214	1.993813	-0.737932
269.793438	1.934359	-0.510609
270.936949	1.699888	-0.223821
271.772190	1.479456	-0.227315
271.350270	1.196137	-0.510601
271.165735	0.797361	-1.311521
270.853240	0.625989	-1.255551
270.637609	0.626011	-0.737929
271.899320	0.797357	-0.741399
272.161816	0.737902	-0.797357
273.330096	0.744940	-1.203150
271.884134	1.087677	-1.028216
270.743506	1.087677	-1.028216
270.353980	1.308048	-0.339226
271.789722	1.189117	-0.111909
272.417642	1.594961	-0.510608
270.377451	1.584443	-0.622518
271.795995	0.625989	-1.084158
271.178893	0.227320	-0.916311
272.287202	0.227319	-0.688966
273.436271	0.000000	-0.227321
271.270402	0.111910	-0.398682
271.142445	0.283268	-0.458127
271.095333	0.339228	-0.681965
270.169527	0.622506	-0.793880
269.322945	1.196107	-0.909293
267.223944	1.486431	-1.315022
267.227291	2.245787	-1.035232
267.479621	1.776870	-0.744928
267.454505	1.591416	-0.681964
266.040938	1.311561	-0.912805
269.245269	1.311521	-0.797361
269.665040	1.591425	-0.909307
268.682595	1.192623	-1.077193
268.594978	1.311540	-0.968753
268.148341	1.024711	-0.912787
265.681508	1.367541	-0.797391
266.444738	1.598458	-1.028252
266.124358	1.489947	-0.916288
266.972786	1.598411	-0.227316
265.551439	1.353520	0.111909
266.003602	1.304552	-0.339226
264.697583	1.311526	-0.454627
270.774425	1.304563	-0.678470
265.746874	0.730944	-0.563065
274.143838	1.192592	-0.965241
264.899992	1.143619	-1.031693
265.542462	1.496985	-1.496985
263.893099	1.199613	-1.255580
264.848163	1.311574	-1.252107
263.415761	1.483003	-1.196149
264.563262	1.591397	-0.737914
264.274398	1.647374	-1.077179
262.669214	1.420017	-1.133173
263.139597	2.049769	-0.909298
263.489114	2.070732	-0.919776
261.196741	2.165328	-0.339238
263.769056	2.301698	-0.517575
262.182492	1.993837	-0.681980
263.173183	2.347306	-0.744934
261.855915	1.867776	-0.678451
264.773184	1.692852	-0.790374
264.777696	1.769853	-1.024727
263.472348	1.650868	-1.080673
262.721170	1.881821	-0.797383
268.658051	1.598366	-0.797357
262.025818	1.654416	-0.398687
274.930091	1.483001	-0.797400
264.741063	1.773313	-1.087663
272.561871	1.584386	-0.790368
262.740899	2.063735	-0.685448
264.659774	2.067295	-0.514095
263.812855	1.699833	-0.510581
264.379109	2.151302	-0.507105
265.398213	2.060339	-0.744941
263.933363	1.304544	-0.395179
269.241143	2.168811	-0.741437
262.260219	1.420015	-1.136670
261.330910	2.168778	-1.024732
264.079676	1.937821	-1.084198
263.620068	1.496985	-1.496985
264.776301	1.706851	-0.398676
264.758639	1.374533	-0.800886
262.866145	1.423480	-0.797372
263.823940	1.598390	-0.968748
264.081123	1.423474	-0.510586
265.356073	1.664882	-0.800876
263.110930	1.482933	-0.968741
265.654074	1.888868	-0.916324
265.233697	1.472508	-0.507109
266.262205	1.969252	-0.926771
266.251559	1.706879	-0.227318
263.686482	2.221227	-0.398675
276.198147	1.346518	-1.122650
267.008494	1.479454	-0.681958
265.929167	1.769864	-0.454641
264.596423	1.080688	-0.797379
265.279672	1.367539	-1.024737
263.729885	1.367539	-1.024737
264.916875	1.643853	-0.678449
266.070113	0.570050	-1.199622
265.594592	1.426976	-0.797371
264.784672	1.427012	-0.685471
263.989188	1.661339	-0.171356
263.168609	1.958769	-0.227313
264.934816	2.007836	-0.055956
264.288798	1.927320	-0.167866
263.621796	2.046234	-0.395174
263.948892	2.581739	-0.227313
261.888712	1.657843	-0.171357
262.072800	1.650859	-0.055954
262.626110	1.203149	-0.398692
262.318022	1.192610	-0.167863
261.878622	1.028234	-0.514096
262.998802	1.024754	-0.398692
261.744635	0.737905	-0.451129
262.060937	0.856841	-0.800880
256.890136	1.199631	-1.371037
257.084836	1.434026	-1.664930
257.342780	1.136678	-1.252112
256.447183	1.199595	-0.685449
255.204885	1.017701	-0.734405
255.044567	0.846337	-1.241580
255.065543	1.311522	-1.196090
252.472947	0.860331	-1.374512
254.035568	0.912773	-1.885260
254.983086	0.912802	-1.829335
252.417535	1.028191	-0.968732
254.389492	0.744905	-0.744905
254.916237	1.133151	-0.737919
254.009057	1.017724	-1.412992
251.358198	1.584467	-1.640446
253.754009	1.189108	-0.678458
252.391521	1.720844	-0.342720
252.436405	2.004306	-0.342728
254.417333	1.937794	-0.681962
251.293012	1.766299	-0.681944
254.173307	1.367509	-0.625999
253.884430	1.717361	-0.685459
251.980635	1.710320	-0.510579
252.924678	1.297538	-0.790371
253.108555	1.374533	-0.800886
252.245316	1.196142	-0.797396
251.516986	1.479507	-0.793904
251.541605	1.419985	-0.793876
261.057759	1.426976	-0.797371
252.895093	1.196118	-1.080689
253.116446	1.482970	-1.084191
251.455749	1.136627	-0.510581
251.635510	1.427001	-0.342727
252.650922	1.084204	-0.339233
254.012818	0.909303	-0.395184
251.820480	0.622503	-0.507092
251.886523	0.570037	-0.629491
250.910683	0.741426	-0.626010
253.674290	0.570058	-0.741434
251.241799	0.454637	-1.084189
253.818600	0.626022	-0.912823
Calibration score: M47.00Q8H9V1
Passed Calibration
CAUTION
Calibration duration = 79 seconds
M47.00 = Magnetic influence is acceptable
Q8 = Magnetic field is uniform
H9 = Complete horizontal rotation
V1 = Low pitch/roll
Recommendation(s):
Measurements should be made with low pitch/roll OR repeat calibration with more pitch/roll.
Avoid any changes to the instrument setup or its orientation to the magnetic influences detected during the compass calibration.
Measurements should be made in locations with similar magnetic influences as the location of the compass calibration.