Etapa	Vertical	Hora	Trajeto	DMG	Profundidade	Nº de Pings	Nº de Células	Satélites	Qual. do sinal GPS	Vel. Abs. Média	Vel. Barco	Vaz. Esquerda	Vaz. Direita	Vaz. Total	Vaz. Corrigida pelo Loop	Perfilagem	Vaz. Superfície	Vaz. Meio	Vaz. Fundo	Direção	
			m	m	m					m/s	m/s	m3/s	m3/s	m3/s	m3/s		m3/s	m3/s	m3/s	graus	
Margem Inicial (1)	1	10:58:53	0,09	0,09	0,67	10	17	0	0	0,077	0,085	0,00	0,00	0,000	--	3MHz HD	0,00	0,00	0,00	326,0	
Margem Inicial (2)	2	10:58:54	0,12	0,12	0,67	10	17	0	0	0,027	0,034	0,00	0,00	0,000	--	3MHz HD	0,00	0,00	0,00	356,4	
Margem Inicial (3)	3	10:58:55	0,21	0,20	0,69	10	19	0	0	0,064	0,086	0,00	0,00	0,000	--	3MHz HD	0,00	0,00	0,00	318,5	
Margem Inicial (4)	4	10:58:56	0,26	0,26	0,70	10	19	0	0	0,025	0,055	0,00	0,00	0,000	--	3MHz HD	0,00	0,00	0,00	46,7	
Margem Inicial (5)	5	10:58:57	0,34	0,33	0,68	10	21	0	0	0,063	0,078	0,00	0,00	0,000	--	3MHz HD	0,00	0,00	0,00	39,8	
Margem Inicial (6)	6	10:58:58	0,39	0,38	0,76	10	21	0	0	0,062	0,056	0,00	0,00	0,000	--	3MHz HD	0,00	0,00	0,00	65,7	
Margem Inicial (7)	7	10:58:59	0,44	0,43	0,75	10	22	0	0	0,055	0,048	0,00	0,00	0,000	--	3MHz HD	0,00	0,00	0,00	73,0	
Margem Inicial (8)	8	10:59:00	0,49	0,48	0,75	10	22	0	0	0,072	0,051	0,00	0,00	0,000	--	3MHz HD	0,00	0,00	0,00	57,6	
Margem Inicial (9)	9	10:59:01	0,54	0,52	0,80	10	24	0	0	0,099	0,042	0,00	0,00	0,000	--	3MHz HD	0,00	0,00	0,00	68,1	
Margem Inicial (10)	10	10:59:02	0,59	0,58	0,80	10	24	0	0	0,109	0,058	0,00	0,00	0,000	--	3MHz HD	0,00	0,00	0,00	63,0	
Margem Inicial (11)	11	10:59:03	0,64	0,61	0,80	10	25	0	0	0,087	0,046	0,00	0,00	0,000	--	3MHz HD	0,00	0,00	0,00	74,5	
Margem Inicial (12)	12	10:59:04	0,71	0,68	0,80	10	26	0	0	0,077	0,073	0,00	0,00	0,000	--	3MHz HD	0,00	0,00	0,00	53,5	
Margem Inicial (13)	13	10:59:05	0,77	0,74	0,80	10	26	0	0	0,094	0,062	0,00	0,00	0,000	--	3MHz HD	0,00	0,00	0,00	52,9	
Margem Inicial (14)	14	10:59:06	0,81	0,78	0,81	10	26	0	0	0,133	0,040	0,00	0,00	0,000	--	3MHz HD	0,00	0,00	0,00	64,3	
Margem Inicial (15)	15	10:59:07	0,85	0,81	0,81	10	27	0	0	0,129	0,040	0,00	0,00	0,000	--	3MHz HD	0,00	0,00	0,00	64,7	
Margem Inicial (16)	16	10:59:08	0,89	0,84	0,81	10	27	0	0	0,166	0,034	0,00	0,00	0,000	--	3MHz HD	0,00	0,00	0,00	59,3	
Margem Inicial (17)	17	10:59:09	0,93	0,87	0,81	10	27	0	0	0,132	0,038	0,00	0,00	0,000	--	3MHz HD	0,00	0,00	0,00	59,2	
Margem Inicial (18)	18	10:59:10	0,96	0,90	0,81	10	27	0	0	0,126	0,038	0,00	0,00	0,000	--	3MHz HD	0,00	0,00	0,00	55,3	
Margem Inicial (19)	19	10:59:11	1,00	0,93	0,81	10	27	0	0	0,126	0,036	0,00	0,00	0,000	--	3MHz HD	0,00	0,00	0,00	49,4	
Margem Inicial (20)	20	10:59:12	1,02	0,95	0,81	10	27	0	0	0,152	0,017	0,00	0,00	0,000	--	3MHz HD	0,00	0,00	0,00	58,1	
Margem Inicial (21)	21	10:59:13	1,04	0,97	0,81	10	27	0	0	0,149	0,020	0,00	0,00	0,000	--	3MHz HD	0,00	0,00	0,00	55,0	
Em Trânsito	22	10:59:14	0,02	0,02	0,82	10	27	0	0	0,125	0,023	0,00	0,04	0,043	--	3MHz HD	0,00	0,00	0,00	50,9	
Em Trânsito	23	10:59:15	0,06	0,06	0,82	10	27	0	0	0,116	0,036	0,00	0,04	0,050	--	3MHz HD	0,00	0,00	0,00	44,3	
Em Trânsito	24	10:59:16	0,07	0,07	0,81	10	27	0	0	0,121	0,012	0,00	0,05	0,054	--	3MHz HD	0,00	0,00	0,00	61,3	
Em Trânsito	25	10:59:17	0,10	0,07	0,81	9	28	0	0	0,152	0,031	0,00	0,05	0,059	--	3MHz HD	0,00	0,01	0,00	64,4	
Em Trânsito	26	10:59:18	0,15	0,10	0,82	10	27	0	0	0,163	0,050	0,00	0,04	0,056	--	3MHz HD	0,00	0,01	0,00	68,9	
Em Trânsito	27	10:59:19	0,23	0,18	0,83	10	27	0	0	0,150	0,077	0,00	0,04	0,057	--	3MHz HD	0,00	0,01	0,00	64,0	
Em Trânsito	28	10:59:20	0,34	0,28	0,84	10	28	0	0	0,121	0,115	0,00	0,04	0,072	--	3MHz HD	0,01	0,02	0,00	45,8	
Em Trânsito	29	10:59:21	0,81	0,73	0,86	10	28	0	0	0,164	0,463	0,00	0,05	0,134	--	3MHz HD	0,02	0,06	0,01	30,7	
Em Trânsito	30	10:59:22	1,49	1,42	0,92	15	5	0	0	0,135	0,688	0,00	0,05	0,183	--	3MHz IC	0,03	0,08	0,02	20,5	
Em Trânsito	31	10:59:23	2,08	1,99	0,96	15	6	0	0	0,341	0,583	0,00	0,05	0,371	--	3MHz IC	0,08	0,21	0,04	91,0	
Em Trânsito	32	10:59:24	2,66	2,57	0,99	11	6	0	0	0,136	0,583	0,00	0,05	0,386	--	3MHz IC	0,08	0,22	0,04	4,8	
Em Trânsito	33	10:59:25	3,24	3,16	1,02	8	34	0	0	0,112	0,583	0,00	0,05	0,374	--	3MHz HD	0,08	0,21	0,04	342,7	
Em Trânsito	34	10:59:26	3,83	3,74	1,03	7	37	0	0	0,163	0,583	0,00	0,05	0,399	--	3MHz HD	0,08	0,23	0,04	8,2	
Em Trânsito	35	10:59:27	4,41	4,32	1,07	7	36	0	0	0,204	0,583	0,00	0,05	0,428	--	3MHz HD	0,09	0,25	0,05	6,2	
Em Trânsito	36	10:59:28	5,88	4,38	1,09	7	39	0	0	0,961	1,470	0,00	0,05	0,324	--	3MHz HD	0,07	0,17	0,04	248,5	
Em Trânsito	37	10:59:29	6,66	5,10	1,12	7	35	0	0	0,177	0,780	0,00	0,05	0,470	--	3MHz HD	0,09	0,26	0,06	53,7	
Em Trânsito	38	10:59:30	7,45	5,88	1,12	7	12	0	0	0,198	0,786	0,00	0,05	0,605	--	1MHz HD	0,12	0,35	0,08	88,4	
Em Trânsito	39	10:59:31	8,47	6,90	1,18	11	8	0	0	0,316	1,024	0,00	0,05	0,940	--	3MHz IC	0,19	0,58	0,12	87,7	
Em Trânsito	40	10:59:32	9,65	8,06	1,23	7	14	0	0	0,243	1,178	0,00	0,05	1,293	--	1MHz HD	0,26	0,83	0,15	67,6	
Em Trânsito	41	10:59:33	11,04	9,44	1,32	7	15	0	0	0,082	1,394	0,00	0,05	1,443	--	1MHz HD	0,29	0,93	0,17	43,0	
Em Trânsito	42	10:59:34	12,47	10,86	1,45	7	16	0	0	0,267	1,427	0,00	0,05	1,945	--	1MHz HD	0,38	1,28	0,24	75,0	
Em Trânsito	43	10:59:35	14,07	12,46	1,68	7	18	0	0	1,046	1,601	0,00	0,05	2,225	--	1MHz HD	0,43	1,46	0,28	329,7	
Em Trânsito	44	10:59:36	15,79	14,18	2,00	11	14	0	0	0,273	1,724	0,00	0,05	3,167	--	3MHz IC	0,53	2,15	0,43	52,2	
Em Trânsito	45	10:59:37	17,56	15,95	2,56	23	18	0	0	0,332	1,769	0,00	0,05	4,639	--	3MHz IC	0,67	3,24	0,68	67,5	
Em Trânsito	46	10:59:38	19,34	17,72	3,24	23	23	0	0	0,330	1,774	0,00	0,05	6,475	--	3MHz IC	0,80	4,62	1,01	72,5	
Em Trânsito	47	10:59:39	21,16	19,54	3,89	23	13	0	0	0,296	1,823	0,00	0,05	8,552	--	3MHz IC	0,95	6,09	1,45	64,2	
Em Trânsito	48	10:59:40	22,95	21,33	4,44	23	16	0	0	0,318	1,791	0,00	0,05	10,924	--	3MHz IC	1,11	7,90	1,87	78,0	
Em Trânsito	49	10:59:41	24,79	23,17	5,05	24	18	0	0	0,356	1,839	0,00	0,05	14,190	--	3MHz IC	1,30	10,37	2,48	66,5	
Em Trânsito	50	10:59:42	26,58	24,95	5,78	24	21	0	0	0,431	1,791	0,00	0,05	18,423	--	3MHz IC	1,51	13,62	3,24	81,9	
Em Trânsito	51	10:59:43	28,34	26,68	6,14	25	11	0	0	0,413	1,754	0,00	0,05	22,699	--	3MHz IC	1,79	16,86	4,00	80,5	
Em Trânsito	52	10:59:44	30,03	28,36	6,74	11	9	0	0	0,506	1,695	0,00	0,05	28,033	--	1MHz IC	2,21	20,65	5,13	88,6	
Em Trânsito	53	10:59:45	31,78	30,10	7,09	10	10	0	0	0,349	1,750	0,00	0,05	32,101	--	1MHz IC	2,51	23,68	5,87	84,1	
Em Trânsito	54	10:59:46	33,54	31,84	7,61	11	10	0	0	0,319	1,757	0,00	0,05	36,238	--	1MHz IC	2,79	26,58	6,82	79,4	
Em Trânsito	55	10:59:47	35,27	33,56	7,99	11	11	0	0	0,416	1,733	0,00	0,05	41,942	--	1MHz IC	3,16	30,75	7,98	56,9	
Em Trânsito	56	10:59:48	36,98	35,25	8,21	11	12	0	0	0,509	1,711	0,00	0,05	49,069	--	1MHz IC	3,62	36,24	9,16	73,6	
Em Trânsito	57	10:59:49	38,73	36,95	8,25	10	12	0	0	0,561	1,742	0,00	0,05	57,131	--	1MHz IC	4,13	42,42	10,53	70,3	
Em Trânsito	58	10:59:50	40,60	38,81	8,55	11	13	0	0	0,469	1,877	0,00	0,05	64,593	--	1MHz IC	4,58	48,38	11,58	60,4	
Em Trânsito	59	10:59:51	42,42	40,62	8,64	11	13	0	0	0,547	1,822	0,00	0,05	72,923	--	1MHz IC	5,09	54,96	12,82	82,4	
Em Trânsito	60	10:59:52	44,18	42,35	8,81	11	13	0	0	0,628	1,755	0,00	0,05	82,570	--	1MHz IC	5,66	62,46	14,40	76,6	
Em Trânsito	61	10:59:53	46,05	44,19	8,93	10	13	0	0	0,627	1,871	0,00	0,05	93,035	--	1MHz IC	6,27	70,51	16,20	70,2	
Em Trânsito	62	10:59:54	47,90	46,00	9,03	11	13	0	0	0,544	1,849	0,00	0,05	102,091	--	1MHz IC	6,80	77,42	17,83	75,8	
Em Trânsito	63	10:59:55	49,69	47,75	9,10	10	14	0	0	0,606	1,788	0,00	0,05	111,911	--	1MHz IC	7,36	85,33	19,17	68,3	
Em Trânsito	64	10:59:56	51,29	49,34	9,13	11	14	0	0	0,496	1,606	0,00	0,05	119,163	--	1MHz IC	7,78	91,16	20,17	75,3	
Em Trânsito	65	10:59:57	52,91	50,95	9,26	10	14	0	0	0,487	1,621	0,00	0,05	126,467	--	1MHz IC	8,19	96,97	21,26	70,0	
Em Trânsito	66	10:59:58	54,55	52,55	9,41	11	14	0	0	0,524	1,630	0,00	0,05	134,492	--	1MHz IC	8,63	103,26	22,55	75,9	
Em Trânsito	67	10:59:59	56,13	54,10	9,43	10	14	0	0	0,587	1,584	0,00	0,05	143,186	--	1MHz IC	9,12	110,07	23,95	68,5	
Em Trânsito	68	11:00:00	57,67	55,61	9,51	11	15	0	0	0,645	1,541	0,00	0,05	152,626	--	1MHz IC	9,64	117,84	25,10	74,2	
Em Trânsito	69	11:00:01	59,24	57,15	9,55	10	15	0	0	0,654	1,574	0,00	0,05	162,406	--	1MHz IC	10,17	125,87	26,31	81,7	
Em Trânsito	70	11:00:02	60,87	58,74	9,62	11	15	0	0	0,599	1,625	0,00	0,05	171,702	--	1MHz IC	10,68	133,46	27,52	81,5	
Em Trânsito	71	11:00:03	62,55	60,41	9,68	11	15	0	0	0,532	1,684	0,00	0,05	180,259	--	1MHz IC	11,14	140,41	28,66	63,6	
Em Trânsito	72	11:00:04	64,28	62,11	9,74	11	15	0	0	0,705	1,729	0,00	0,05	192,124	--	1MHz IC	11,78	149,99	30,30	76,6	
Em Trânsito	73	11:00:05	65,94	63,75	9,74	10	15	0	0	0,545	1,658	0,00	0,05	200,922	--	1MHz IC	12,25	157,10	31,52	72,3	
Em Trânsito	74	11:00:06	67,57	65,37	9,82	11	15	0	0	0,566	1,629	0,00	0,05	209,954	--	1MHz IC	12,73	164,35	32,83	69,2	
Em Trânsito	75	11:00:07	69,16	66,95	9,80	9	15	0	0	0,621	1,595	0,00	0,05	219,598	--	1MHz IC	13,24	172,10	34,20	78,5	
Em Trânsito	76	11:00:08	70,72	68,50	9,93	11	15	0	0	0,620	1,556	0,00	0,05	229,156	--	1MHz IC	13,75	179,70	35,66	75,1	
Em Trânsito	77	11:00:09	72,19	69,96	9,94	10	15	0	0	0,650	1,465	0,00	0,05	238,519	--	1MHz IC	14,24	187,14	37,09	63,2	
Em Trânsito	78	11:00:10	73,71	71,47	9,98	11	15	0	0	0,541	1,524	0,00	0,05	246,755	--	1MHz IC	14,67	193,66	38,38	71,6	
Em Trânsito	79	11:00:11	75,26	73,02	9,94	10	15	0	0	0,616	1,549	0,00	0,05	256,236	--	1MHz IC	15,17	201,18	39,83	68,9	
Em Trânsito	80	11:00:12	76,86	74,62	9,94	11	15	0	0	0,660	1,606	0,00	0,05	266,774	--	1MHz IC	15,73	209,56	41,44	72,4	
Em Trânsito	81	11:00:13	78,50	76,24	9,97	10	15	0	0	0,599	1,632	0,00	0,05	276,526	--	1MHz IC	16,24	217,28	42,96	68,9	
Em Trânsito	82	11:00:14	80,14	77,88	10,00	11	15	0	0	0,665	1,639	0,00	0,05	287,341	--	1MHz IC	16,80	225,83	44,66	74,3	
Em Trânsito	83	11:00:15	81,76	79,51	10,04	10	15	0	0	0,600	1,625	0,00	0,05	296,896	--	1MHz IC	17,30	233,35	46,19	78,3	
Em Trânsito	84	11:00:16	83,34	81,09	10,09	11	15	0	0	0,626	1,583	0,00	0,05	306,831	--	1MHz IC	17,82	241,14	47,82	72,7	
Em Trânsito	85	11:00:17	84,95	82,69	10,12	10	16	0	0	0,747	1,604	0,00	0,05	318,893	--	1MHz IC	18,44	251,11	49,29	61,9	
Em Trânsito	86	11:00:18	86,48	84,22	10,14	11	16	0	0	0,634	1,531	0,00	0,05	328,542	--	1MHz IC	18,94	259,07	50,49	77,7	
Em Trânsito	87	11:00:19	88,06	85,80	10,15	10	16	0	0	0,612	1,577	0,00	0,05	338,241	--	1MHz IC	19,44	267,06	51,69	73,8	
Em Trânsito	88	11:00:20	89,66	87,41	10,15	11	16	0	0	0,620	1,607	0,00	0,05	348,359	--	1MHz IC	19,96	275,40	52,95	65,7	
Em Trânsito	89	11:00:21	91,27	89,02	10,14	10	16	0	0	0,631	1,610	0,00	0,05	358,423	--	1MHz IC	20,48	283,70	54,20	76,3	
Em Trânsito	90	11:00:22	92,92	90,66	10,11	11	15	0	0	0,643	1,643	0,00	0,05	369,035	--	1MHz IC	21,03	292,01	55,95	72,4	
Em Trânsito	91	11:00:23	94,54	92,28	10,08	10	15	0	0	0,633	1,623	0,00	0,05	379,390	--	1MHz IC	21,56	300,14	57,64	65,4	
Em Trânsito	92	11:00:24	96,24	93,98	10,00	11	15	0	0	0,672	1,698	0,00	0,05	390,741	--	1MHz IC	22,16	309,11	59,42	68,4	
Em Trânsito	93	11:00:25	97,90	95,64	9,94	9	15	0	0	0,557	1,663	0,00	0,05	399,788	--	1MHz IC	22,63	316,30	60,81	76,3	
Em Trânsito	94	11:00:26	99,60	97,34	9,84	11	15	0	0	0,678	1,698	0,00	0,05	410,810	--	1MHz IC	23,22	325,13	62,41	81,1	
Em Trânsito	95	11:00:27	101,29	99,03	9,91	10	15	0	0	0,593	1,692	0,00	0,05	420,732	--	1MHz IC	23,74	333,02	63,91	69,0	
Em Trânsito	96	11:00:28	102,98	100,72	10,14	11	16	0	0	0,708	1,690	0,00	0,05	432,682	--	1MHz IC	24,36	342,88	65,39	73,4	
Em Trânsito	97	11:00:29	104,73	102,46	10,01	10	15	0	0	0,640	1,748	0,00	0,05	443,866	--	1MHz IC	24,94	351,71	67,16	65,9	
Em Trânsito	98	11:00:30	106,51	104,25	9,93	11	15	0	0	0,663	1,784	0,00	0,05	455,596	--	1MHz IC	25,56	361,04	68,95	67,4	
Em Trânsito	99	11:00:31	108,22	105,95	9,82	10	16	0	0	0,693	1,709	0,00	0,05	466,907	--	1MHz IC	26,16	370,61	70,08	77,7	
Em Trânsito	100	11:00:32	109,93	107,66	9,94	11	15	0	0	0,592	1,708	0,00	0,05	476,913	--	1MHz IC	26,69	378,56	71,61	67,6	
Em Trânsito	101	11:00:33	111,59	109,32	10,10	10	15	0	0	0,541	1,666	0,00	0,05	485,641	--	1MHz IC	27,14	385,40	73,05	80,6	
Em Trânsito	102	11:00:34	113,24	110,97	10,06	11	15	0	0	0,598	1,648	0,00	0,05	495,376	--	1MHz IC	27,65	393,05	74,62	75,8	
Em Trânsito	103	11:00:35	114,89	112,62	9,98	10	15	0	0	0,435	1,649	0,00	0,05	502,287	--	1MHz IC	28,01	398,53	75,70	77,2	
Em Trânsito	104	11:00:36	116,56	114,28	9,97	11	15	0	0	0,622	1,665	0,00	0,05	512,615	--	1MHz IC	28,55	406,71	77,30	62,9	
Em Trânsito	105	11:00:37	118,22	115,95	10,07	10	15	0	0	0,586	1,669	0,00	0,05	522,409	--	1MHz IC	29,06	414,41	78,89	73,1	
Em Trânsito	106	11:00:38	119,91	117,64	9,98	11	15	0	0	0,674	1,689	0,00	0,05	533,437	--	1MHz IC	29,64	423,14	80,61	79,1	
Em Trânsito	107	11:00:39	121,62	119,35	9,96	10	15	0	0	0,622	1,707	0,00	0,05	544,007	--	1MHz IC	30,19	431,52	82,24	68,8	
Em Trânsito	108	11:00:40	123,27	121,00	9,98	11	16	0	0	0,634	1,654	0,00	0,05	554,391	--	1MHz IC	30,74	440,20	83,40	62,0	
Em Trânsito	109	11:00:41	124,92	122,64	10,07	9	16	0	0	0,632	1,647	0,00	0,05	564,867	--	1MHz IC	31,28	448,89	84,65	72,1	
Em Trânsito	110	11:00:42	126,54	124,24	9,90	11	15	0	0	0,702	1,614	0,00	0,05	576,037	--	1MHz IC	31,87	457,79	86,32	76,1	
Em Trânsito	111	11:00:43	128,07	125,76	9,91	10	15	0	0	0,651	1,534	0,00	0,05	585,935	--	1MHz IC	32,40	465,67	87,82	73,8	
Em Trânsito	112	11:00:44	129,56	127,25	9,87	11	15	0	0	0,621	1,491	0,00	0,05	595,077	--	1MHz IC	32,88	472,97	89,17	72,5	
Em Trânsito	113	11:00:45	131,08	128,76	9,66	10	15	0	0	0,552	1,517	0,00	0,05	602,965	--	1MHz IC	33,31	479,39	90,22	58,7	
Em Trânsito	114	11:00:46	132,61	130,27	9,55	11	15	0	0	0,683	1,534	0,00	0,05	612,958	--	1MHz IC	33,85	487,60	91,46	73,0	
Em Trânsito	115	11:00:47	134,02	131,68	9,54	10	15	0	0	0,575	1,406	0,00	0,05	620,672	--	1MHz IC	34,28	493,94	92,41	70,5	
Em Trânsito	116	11:00:48	135,44	133,10	9,75	11	15	0	0	0,575	1,421	0,00	0,05	628,585	--	1MHz IC	34,70	500,33	93,51	61,0	
Em Trânsito	117	11:00:49	136,91	134,56	9,83	10	15	0	0	0,627	1,470	0,00	0,05	637,531	--	1MHz IC	35,18	507,50	94,81	61,9	
Em Trânsito	118	11:00:50	138,47	136,12	9,62	11	14	0	0	0,570	1,558	0,00	0,05	646,073	--	1MHz IC	35,64	514,07	96,31	70,1	
Em Trânsito	119	11:00:51	139,98	137,62	9,37	10	14	0	0	0,571	1,509	0,00	0,05	654,144	--	1MHz IC	36,09	520,42	97,58	68,5	
Em Trânsito	120	11:00:52	141,37	139,01	9,05	11	13	0	0	0,559	1,394	0,00	0,05	661,106	--	1MHz IC	36,49	525,72	98,84	78,8	
Em Trânsito	121	11:00:53	142,81	140,45	8,70	11	12	0	0	0,481	1,441	0,00	0,05	667,126	--	1MHz IC	36,86	530,13	100,09	70,8	
Em Trânsito	122	11:00:54	144,25	141,89	8,26	11	11	0	0	0,428	1,434	0,00	0,05	672,185	--	1MHz IC	37,18	533,73	101,23	72,8	
Em Trânsito	123	11:00:55	145,62	143,26	7,89	10	11	0	0	0,570	1,373	0,00	0,05	678,348	--	1MHz IC	37,58	538,28	102,43	64,6	
Em Trânsito	124	11:00:56	146,88	144,52	7,43	11	10	0	0	0,562	1,263	0,00	0,05	683,410	--	1MHz IC	37,94	541,91	103,51	84,9	
Em Trânsito	125	11:00:57	148,19	145,82	7,05	11	9	0	0	0,502	1,307	0,00	0,05	687,978	--	1MHz IC	38,28	545,02	104,63	63,6	
Em Trânsito	126	11:00:58	149,46	147,08	6,61	11	8	0	0	0,404	1,271	0,00	0,05	691,367	--	1MHz IC	38,55	547,23	105,55	69,3	
Em Trânsito	127	11:00:59	150,77	148,39	6,01	11	7	0	0	0,333	1,310	0,00	0,05	693,964	--	1MHz IC	38,77	548,85	106,29	61,5	
Em Trânsito	128	11:01:00	152,04	149,66	5,24	11	7	0	0	0,475	1,267	0,00	0,05	697,116	--	1MHz IC	39,08	551,07	106,91	62,8	
Em Trânsito	129	11:01:01	153,28	150,89	4,90	11	6	0	0	0,459	1,243	0,00	0,05	699,808	--	1MHz IC	39,37	552,83	107,56	75,6	
Em Trânsito	130	11:01:02	154,47	152,08	4,49	11	5	0	0	0,312	1,193	0,00	0,05	701,372	--	1MHz IC	39,55	553,76	108,01	81,9	
Em Trânsito	131	11:01:03	155,61	153,22	4,16	23	7	0	0	0,430	1,142	0,00	0,05	703,414	--	3MHz IC	39,75	555,22	108,40	72,2	
Em Trânsito	132	11:01:04	156,72	154,31	3,90	24	13	0	0	0,393	1,104	0,00	0,05	705,072	--	3MHz IC	39,87	556,39	108,76	64,1	
Em Trânsito	133	11:01:05	157,72	155,31	3,61	25	12	0	0	0,403	1,006	0,00	0,05	706,529	--	3MHz IC	39,99	557,42	109,07	67,2	
Em Trânsito	134	11:01:06	158,71	156,28	3,25	25	11	0	0	0,437	0,988	0,00	0,05	707,900	--	3MHz IC	40,11	558,40	109,33	65,9	
Em Trânsito	135	11:01:07	159,64	157,18	2,99	25	10	0	0	0,444	0,924	0,00	0,05	709,041	--	3MHz IC	40,22	559,21	109,56	56,1	
Em Trânsito	136	11:01:08	160,41	157,96	2,79	25	9	0	0	0,296	0,775	0,00	0,05	709,680	--	3MHz IC	40,29	559,65	109,69	74,3	
Em Trânsito	137	11:01:09	161,10	158,64	2,66	25	8	0	0	0,300	0,685	0,00	0,05	710,212	--	3MHz IC	40,35	559,99	109,83	81,0	
Em Trânsito	138	11:01:10	161,66	159,21	2,50	26	8	0	0	0,311	0,566	0,00	0,05	710,652	--	3MHz IC	40,40	560,28	109,92	72,3	
Em Trânsito	139	11:01:11	162,16	159,70	2,38	26	7	0	0	0,287	0,500	0,00	0,05	710,994	--	3MHz IC	40,44	560,50	110,01	76,2	
Em Trânsito	140	11:01:12	162,62	160,14	2,17	25	6	0	0	0,242	0,458	0,00	0,05	711,231	--	3MHz IC	40,47	560,64	110,07	70,7	
Margem Final (1)	141	11:01:13	163,03	160,54	2,02	27	14	0	0	0,143	0,409	1,01	0,05	712,236	--	3MHz IC	40,47	560,64	110,07	56,0	
Margem Final (2)	142	11:01:14	163,39	160,90	1,95	26	13	0	0	0,074	0,360	0,66	0,05	711,891	--	3MHz IC	40,47	560,64	110,07	69,7	
Margem Final (3)	143	11:01:15	163,69	161,20	1,88	27	12	0	0	0,166	0,301	0,80	0,05	712,031	--	3MHz IC	40,47	560,64	110,07	48,0	
Margem Final (4)	144	11:01:16	163,97	161,47	1,85	26	12	0	0	0,207	0,275	0,90	0,05	712,135	--	3MHz IC	40,47	560,64	110,07	95,3	
Margem Final (5)	145	11:01:17	164,23	161,74	1,77	27	11	0	0	0,245	0,268	1,01	0,05	712,237	--	3MHz IC	40,47	560,64	110,07	57,1	
Margem Final (6)	146	11:01:18	164,46	161,95	1,67	27	11	0	0	0,289	0,223	1,10	0,05	712,332	--	3MHz IC	40,47	560,64	110,07	94,1	
Margem Final (7)	147	11:01:19	164,66	162,13	1,66	26	11	0	0	0,311	0,204	1,17	0,05	712,402	--	3MHz IC	40,47	560,64	110,07	99,4	
Margem Final (8)	148	11:01:20	164,80	162,11	1,65	35	11	0	0	0,232	0,142	1,20	0,05	712,429	--	3MHz IC	40,47	560,64	110,07	66,2	
Margem Final (9)	149	11:01:21	164,97	162,07	1,65	28	11	0	0	0,289	0,164	1,24	0,05	712,475	--	3MHz IC	40,47	560,64	110,07	87,8	
Margem Final (10)	150	11:01:22	165,13	162,05	1,66	31	11	0	0	0,236	0,168	1,25	0,05	712,476	--	3MHz IC	40,47	560,64	110,07	94,9	
Margem Final (11)	151	11:01:23	165,35	162,03	1,64	27	11	0	0	0,250	0,217	1,24	0,05	712,471	--	3MHz IC	40,47	560,64	110,07	104,4	
